feature,horizon,n,corr,abs_corr,slope_ticks_per_feature_unit,feature_mean,feature_std,future_ret_mean,future_abs_ret_mean,bottom_10pct_feature_cutoff,bottom_10pct_future_ret_mean,bottom_10pct_hit_up,top_10pct_feature_cutoff,top_10pct_future_ret_mean,top_10pct_hit_up,top_minus_bottom_future_ret
book_wap_edge_L3,1,9999,0.34883906156754885,0.34883906156754885,1.1120062941880569,0.018705891299797443,0.6873908341443083,-0.0042004200420042,1.6765676567656767,-0.35365853658549895,-0.8481518481518482,0.2897102897102897,0.35365853658549895,0.9354684512428298,0.5420650095602294,1.783620299394678
imbalance_L2,1,9999,0.33299902164447537,0.33299902164447537,12.026033149215877,0.0009562007880506331,0.06067453179505976,-0.0042004200420042,1.6765676567656767,0.0,-0.08269603344549811,0.3955338023860508,0.0,0.05962183592558707,0.4127274575581986,0.14231786937108518
imbalance_L3,1,9999,-0.32774534232728364,0.32774534232728364,-42.405810897448376,-0.0002551762325109814,0.016935461230795035,-0.0042004200420042,1.6765676567656767,0.0,0.05962183592558707,0.4127274575581986,0.0,-0.08269603344549811,0.3955338023860508,-0.14231786937108518
book_wap_edge_L2,1,9999,0.31436964717231025,0.31436964717231025,1.5054786858242282,0.01241623094899747,0.457564022403736,-0.0042004200420042,1.6765676567656767,-0.35365853658549895,-0.8481518481518482,0.2897102897102897,0.35365853658549895,0.9354684512428298,0.5420650095602294,1.783620299394678
imbalance_L1,1,9999,0.29981811296189087,0.29981811296189087,11.21900389714537,0.0008619295219209753,0.05855843214482543,-0.0042004200420042,1.6765676567656767,0.0,-0.0798940181392031,0.3959033934576582,0.0,0.05791505791505792,0.41261938630359685,0.13780907605426101
micro_edge_L1,1,9999,0.2983484308174657,0.2983484308174657,2.830017064682823,0.0009325029614562534,0.2310045725562085,-0.0042004200420042,1.6765676567656767,0.0,-0.0798940181392031,0.3959033934576582,0.0,0.05791505791505792,0.41261938630359685,0.13780907605426101
ask_gap_12,1,9999,0.2687088944311263,0.2687088944311263,0.6065686175699234,2.6161616161616164,0.9707065893148847,-0.0042004200420042,1.6765676567656767,2.0,-0.2927028128821851,0.3562984101100693,3.0,0.2737090123699195,0.4547418024739839,0.5664118252521047
ask_size_3,1,9999,0.25391694712970353,0.25391694712970353,0.1598702506484569,0.48304830483048306,3.4802456940257875,-0.0042004200420042,1.6765676567656767,0.0,-0.08269603344549811,0.3955338023860508,0.0,-0.0042004200420042,0.40644064406440644,0.07849561340349391
bid_gap_12,1,9999,-0.23949334549428275,0.23949334549428275,-0.6469135757242299,2.577757775777578,0.8112095568484865,-0.0042004200420042,1.6765676567656767,2.0,0.271875,0.4504032258064516,3.0,-0.27594760865251045,0.36316729509823376,-0.5478226086525104
bid_size_3,1,9999,-0.22630970671617373,0.22630970671617373,-0.15537352461762366,0.4065406540654065,3.1916263126854907,-0.0042004200420042,1.6765676567656767,0.0,0.05962183592558707,0.4127274575581986,0.0,-0.0042004200420042,0.40644064406440644,-0.06382225596759127
bid_gap_23,1,162,0.1697185068481445,0.1697185068481445,0.6758241758241758,2.4382716049382718,0.4977135051673599,-3.8796296296296298,3.9166666666666665,2.0,-4.175824175824176,0.0,3.0,-3.5,0.056338028169014086,0.6758241758241761
ask_depth_L2,1,9999,-0.15707453467996682,0.15707453467996682,-0.07992255713081609,37.124312431243126,4.30647850525458,-0.0042004200420042,1.6765676567656767,32.0,0.7215909090909091,0.4971590909090909,42.0,-0.1088339222614841,0.3893992932862191,-0.8304248313523932
mid_change,1,9998,-0.13785961376080796,0.13785961376080796,-0.13785961376080796,-0.004200840168033607,2.1913290335664564,-0.004200840168033607,1.676735347069414,-3.0,0.5647163120567376,0.4796099290780142,3.0,-0.46316262353998205,0.3450134770889488,-1.0278789355967195
past_ret_1,1,9998,-0.13785961376080796,0.13785961376080796,-0.13785961376080796,-0.004200840168033607,2.1913290335664564,-0.004200840168033607,1.676735347069414,-3.0,0.5647163120567376,0.4796099290780142,3.0,-0.46316262353998205,0.3450134770889488,-1.0278789355967195
ask_size_2,1,9999,-0.13586507245230153,0.13586507245230153,-0.08339109443643412,24.767376737673768,3.570047741607721,-0.0042004200420042,1.6765676567656767,20.0,0.699160447761194,0.4906716417910448,29.0,-0.13001695873374788,0.38835500282645563,-0.8291774064949419
ask_change,1,9998,-0.13168556691393002,0.13168556691393002,-0.11445561686489589,-0.004200840168033607,2.521207905600463,-0.004200840168033607,1.676735347069414,-3.0,0.626457399103139,0.4923766816143498,3.0,-0.11172161172161173,0.3873626373626374,-0.7381790108247508
bid_change,1,9998,-0.11582188383926453,0.11582188383926453,-0.10800028057141031,-0.004200840168033607,2.3500296058168626,-0.004200840168033607,1.676735347069414,-3.0,0.1371480472297911,0.4250681198910082,3.0,-0.5492633517495396,0.3453038674033149,-0.6864113989793307
bid_depth_L2,1,9999,0.11260003835412266,0.11260003835412266,0.05868660038746123,37.17991799179918,4.204220242428398,-0.0042004200420042,1.6765676567656767,32.0,-0.49612403100775193,0.3498062015503876,42.0,0.023893183415319746,0.4061841180604357,0.5200172144230717
past_ret_2,1,9997,-0.11149526491922156,0.11149526491922156,-0.08490283288265665,-0.008602580774232269,2.8775489801319747,-0.0045013504051215365,1.6766029808942682,-4.0,0.40951492537313433,0.4701492537313433,4.0,-0.4043062200956938,0.3550239234449761,-0.8138211454688281
ask_size_1,1,9999,-0.10321040040099405,0.10321040040099405,-0.12195680552809261,12.356935693569357,1.8543994743439685,-0.0042004200420042,1.6765676567656767,10.0,0.33144246353322526,0.4543490005402485,15.0,-0.07823567289117836,0.40051513200257566,-0.40967813642440365
ask_depth_L1,1,9999,-0.10321040040099405,0.10321040040099405,-0.12195680552809261,12.356935693569357,1.8543994743439685,-0.0042004200420042,1.6765676567656767,10.0,0.33144246353322526,0.4543490005402485,15.0,-0.07823567289117836,0.40051513200257566,-0.40967813642440365
dev_ema_10,1,9997,-0.10227398832393853,0.10227398832393853,-0.08309618621126881,-0.017017597388970712,2.69694806011287,-0.0045013504051215365,1.6766029808942682,-3.4236523246479917,0.3375,0.461,3.4060519791706607,-0.3735,0.35,-0.7110000000000001
z_roll_mean_10,1,9997,-0.09566586271399623,0.09566586271399623,-0.17990268119903505,-0.0020238326279718166,1.1652197537651672,-0.0045013504051215365,1.6766029808942682,-1.550885690179393,0.4225,0.479,1.548176855271159,-0.4565,0.342,-0.879
bid_size_2,1,9999,0.09466419291532245,0.09466419291532245,0.05905612878009317,24.806180618061806,3.5124215613769003,-0.0042004200420042,1.6765676567656767,20.0,-0.5090648854961832,0.34541984732824427,29.0,0.02533783783783784,0.40765765765765766,0.5344027233340211
dev_roll_mean_10,1,9997,-0.09384316466242133,0.09384316466242133,-0.06412682657362632,-0.018086894322267205,3.2066486596913366,-0.0045013504051215365,1.6766029808942682,-4.069999999999708,0.3935,0.473,4.049999999999272,-0.3435643564356436,0.3594059405940594,-0.7370643564356436
past_ret_3,1,9996,-0.0922252168829293,0.0922252168829293,-0.05914236139885039,-0.01290516206482593,3.417092592292681,-0.004401760704281713,1.676670668267307,-4.0,0.25898305084745765,0.4542372881355932,4.0,-0.3048615800135044,0.362592842673869,-0.563844630860962
dev_roll_median_10,1,9997,-0.09089720238118804,0.09089720238118804,-0.05916471911663378,-0.02658297489246774,3.3664811874829335,-0.0045013504051215365,1.6766029808942682,-4.0,0.2660513643659711,0.4550561797752809,4.0,-0.32970137207425343,0.35754640839386603,-0.5957527364402245
dev_ema_20,1,9996,-0.08292298760328361,0.08292298760328361,-0.04654525604284549,-0.03284085450118843,3.9039589244039576,-0.004401760704281713,1.676670668267307,-5.00514159173872,0.2985,0.449,4.936341441314653,-0.305,0.364,-0.6034999999999999
z_roll_mean_20,1,9996,-0.08199576102717931,0.08199576102717931,-0.1417585951394867,-0.0091066934496657,1.2674992847800581,-0.004401760704281713,1.676670668267307,-1.689193057131221,0.279,0.444,1.6688447311269403,-0.4245,0.342,-0.7035
dev_roll_mean_20,1,9996,-0.07815089178145097,0.07815089178145097,-0.037572680140700004,-0.03584560269514657,4.557928260271214,-0.004401760704281713,1.676670668267307,-5.850000000000364,0.2958374628344896,0.4529236868186323,5.700000000000728,-0.2944936086529007,0.3608652900688299,-0.5903310714873903
dev_roll_median_20,1,9996,-0.07744048818776479,0.07744048818776479,-0.035614294695698684,-0.048569427771108446,4.7648524493118956,-0.004401760704281713,1.676670668267307,-6.0,0.32833787465940056,0.4623069936421435,6.0,-0.2661064425770308,0.36507936507936506,-0.5944443172364313
bid_size_1,1,9999,0.07696866668878465,0.07696866668878465,0.09213376299321137,12.373737373737374,1.830547602314458,-0.0042004200420042,1.6765676567656767,10.0,-0.2954920285871358,0.37822979659153383,15.0,0.03479381443298969,0.41430412371134023,0.3302858430201255
bid_depth_L1,1,9999,0.07696866668878465,0.07696866668878465,0.09213376299321137,12.373737373737374,1.830547602314458,-0.0042004200420042,1.6765676567656767,10.0,-0.2954920285871358,0.37822979659153383,15.0,0.03479381443298969,0.41430412371134023,0.3302858430201255
ask_gap_23,1,192,-0.07675853187667935,0.07675853187667935,-0.3161375661375663,2.4375,0.49737530995504753,4.005208333333333,4.088541666666667,2.0,4.143518518518518,1.0,3.0,3.8273809523809526,0.9166666666666666,-0.3161375661375656
past_ret_5,1,9994,-0.0762394838436119,0.0762394838436119,-0.03884326309927291,-0.021212727636581948,4.300988170135074,-0.004202521512907745,1.676605963578147,-5.5,0.2950428979980934,0.4652049571020019,5.0,-0.29442877291960506,0.36812411847672777,-0.5894716709176985
ask_size_1_change,1,9998,-0.0745721740782662,0.0745721740782662,-0.06272414132083419,-0.0005001000200040008,2.6052516098709564,-0.004200840168033607,1.676735347069414,-3.0,0.29585462805224305,0.44747302668938105,3.0,-0.1256484149855908,0.39711815561959657,-0.4215030430378338
bid_depth_L3,1,9999,-0.06776075381713532,0.06776075381713532,-0.040421859866309764,37.58645864586459,3.6732273506957047,-0.0042004200420042,1.6765676567656767,33.0,0.10124826629680998,0.40984743411927876,42.0,-0.28234152652005173,0.37645536869340235,-0.38358979281686173
past_ret_10,1,9989,-0.06535483501283554,0.06535483501283554,-0.02428307291470346,-0.038141956151766944,5.8983128863563214,-0.004504955450996096,1.6767444188607468,-7.5,0.2313649564375605,0.4259438528557599,7.5,-0.243,0.376,-0.4743649564375605
bid_size_1_change,1,9998,0.0602816210746976,0.0602816210746976,0.05114925872036665,-0.0005001000200040008,2.582576360951992,-0.004200840168033607,1.676735347069414,-3.0,-0.2602857142857143,0.38,3.0,0.039664157498552406,0.4180660104226983,0.2999498717842667
dev_ema_50,1,9990,-0.05813027185194891,0.05813027185194891,-0.02054011963757068,-0.0692722337377249,6.202251826175426,-0.004704704704704705,1.6767767767767767,-7.949722343724352,0.26176176176176175,0.4444444444444444,8.008466795935783,-0.24174174174174173,0.37037037037037035,-0.5035035035035035
spread,1,9999,-0.05699254650080019,0.05699254650080019,-0.08256393563004118,15.700970097009701,1.5125632643071847,-0.0042004200420042,1.6765676567656767,16.0,0.0017678553389231235,0.4066067279523184,16.0,-0.016657824933687004,0.399893899204244,-0.01842568027261013
half_spread,1,9999,-0.05699254650080019,0.05699254650080019,-0.16512787126008235,7.850485048504851,0.7562816321535923,-0.0042004200420042,1.6765676567656767,8.0,0.0017678553389231235,0.4066067279523184,8.0,-0.016657824933687004,0.399893899204244,-0.01842568027261013
ask_depth_L3,1,9999,0.05609123444379277,0.05609123444379277,0.03326368188491879,37.60736073607361,3.6949668985064954,-0.0042004200420042,1.6765676567656767,33.0,-0.02264808362369338,0.3951219512195122,42.0,0.2952076677316294,0.44536741214057507,0.31785575135532274
z_roll_mean_50,1,9990,-0.053230028069946936,0.053230028069946936,-0.08587905193005617,-0.03340405906424633,1.3583743252895641,-0.004704704704704705,1.6767767767767767,-1.7871320379664424,0.1856856856856857,0.42842842842842843,1.7478672573744258,-0.2502502502502503,0.36236236236236236,-0.43593593593593594
dev_roll_mean_50,1,9990,-0.052203744405619285,0.052203744405619285,-0.015959066349845008,-0.077351307933589,7.168762373681934,-0.004704704704704705,1.6767767767767767,-9.25,0.261,0.441,9.3799999999992,-0.184,0.369,-0.445
past_ret_20,1,9979,-0.05140499190487208,0.05140499190487208,-0.014003989391657664,-0.07245214951397935,8.046586626236238,-0.004208838560978054,1.6773223769916825,-10.0,0.21739130434782608,0.45098039215686275,10.0,-0.22596964586846544,0.37099494097807756,-0.4433609502162915
dev_roll_median_50,1,9990,-0.051353422612460356,0.051353422612460356,-0.015092935823407183,-0.11991991991991992,7.4566829707727855,-0.004704704704704705,1.6767767767767767,-9.5,0.3102589641434263,0.45717131474103584,9.5,-0.24090038314176246,0.35153256704980845,-0.5511593472851888
dev_ema_100,1,9980,-0.045766134832385924,0.045766134832385924,-0.01163994458818983,-0.10636161460735405,8.618822165178178,-0.004008016032064128,1.6773547094188377,-11.505547162564653,0.17935871743486975,0.42384769539078154,10.888127451600491,-0.19589178356713427,0.3777555110220441,-0.375250501002004
dev_global_mean,1,9999,-0.04235220525607675,0.04235220525607675,-0.003664122084060187,0.0032965396533192917,25.327479127620737,-0.0042004200420042,1.6765676567656767,-34.962100000000646,0.16350947158524426,0.4556331006979063,34.037899999999354,-0.1897410358565737,0.3754980079681275,-0.35325050744181796
z_global_mean,1,9999,-0.04235220525607674,0.04235220525607674,-0.09280619569719949,0.0001301521267407776,0.9999653030480699,-0.0042004200420042,1.6765676567656767,-1.3803539920232795,0.16350947158524426,0.4556331006979063,1.3438652467983165,-0.1897410358565737,0.3754980079681275,-0.35325050744181796
z_roll_mean_100,1,9980,-0.04199164338285224,0.04199164338285224,-0.06679019712707279,-0.03000840212189664,1.3781761920891444,-0.004008016032064128,1.6773547094188377,-1.8337152345522443,0.20040080160320642,0.4258517034068136,1.7713727355219053,-0.21142284569138275,0.3667334669338677,-0.4118236472945892
dev_ema_200,1,9980,-0.04172236969378557,0.04172236969378557,-0.008017358319732201,-0.12222643534929459,11.40754708470042,-0.004008016032064128,1.6773547094188377,-15.7975181659167,0.10971943887775551,0.41382765531062127,14.452149414011728,-0.2029058116232465,0.3697394789579158,-0.312625250501002
dev_ema_500,1,9980,-0.040430632778271955,0.040430632778271955,-0.005749651295142547,-0.038727616181568156,15.414293680360384,-0.004008016032064128,1.6773547094188377,-21.181787914118285,0.12775551102204408,0.4218436873747495,20.147277760801444,-0.23847695390781562,0.36172344689378755,-0.3662324649298597
dev_roll_median_500,1,9980,-0.038940237015657395,0.038940237015657395,-0.004859168693712274,-0.31410320641282563,17.566741519227083,-0.004008016032064128,1.6773547094188377,-25.0,0.08891108891108891,0.4175824175824176,22.0,-0.27061105722599416,0.34820562560620755,-0.35952214613708305
dev_roll_mean_500,1,9980,-0.038522832649967316,0.038522832649967316,-0.004810015928197925,-0.07573188844336949,17.55602928084566,-0.004008016032064128,1.6773547094188377,-23.621399999999266,0.07414829659318638,0.4148296593186373,22.544499999999974,-0.22845691382765532,0.35470941883767537,-0.3026052104208417
dev_ema_1000,1,9980,-0.038276948402931395,0.038276948402931395,-0.00443154988802396,0.07802712572372762,18.933733545589046,-0.004008016032064128,1.6773547094188377,-26.111842687827995,0.1848697394789579,0.44789579158316634,25.70765605261895,-0.17384769539078157,0.37374749498997994,-0.3587174348697395
z_roll_mean_500,1,9980,-0.03804074987896852,0.03804074987896852,-0.06390037841136488,0.036925544791858826,1.3049691243730948,-0.004008016032064128,1.6773547094188377,-1.7333466221101437,0.09769539078156313,0.40981963927855714,1.6736756071203727,-0.23997995991983967,0.36773547094188375,-0.3376753507014028
dev_roll_median_1000,1,9980,-0.0371063044905487,0.0371063044905487,-0.003806128767275995,0.3162074148296593,21.37070374953621,-0.004008016032064128,1.6773547094188377,-30.0,0.08606965174129354,0.41890547263681593,27.0,-0.21622846781504987,0.36899365367180414,-0.3022981195563434
dev_roll_mean_100,1,9980,-0.036680604220293817,0.036680604220293817,-0.007902211336586959,-0.12103166160522887,10.175187895922546,-0.004008016032064128,1.6773547094188377,-13.12050000000072,0.16132264529058116,0.42985971943887774,12.909999999999854,-0.16666666666666666,0.3743743743743744,-0.3279893119572478
dev_roll_median_100,1,9980,-0.03643810211362922,0.03643810211362922,-0.007566182287233094,-0.21688376753507013,10.556830419798978,-0.004008016032064128,1.6773547094188377,-13.75,0.1665,0.428,13.0,-0.1723826714801444,0.3637184115523466,-0.3388826714801444
z_roll_mean_1000,1,9980,-0.03635556044592672,0.03635556044592672,-0.06241318232116315,0.0920622602822149,1.2768771464596775,-0.004008016032064128,1.6773547094188377,-1.6098849797982968,0.12124248496993988,0.42985971943887774,1.785331009857791,-0.22995991983967937,0.36472945891783565,-0.35120240480961923
dev_roll_mean_1000,1,9980,-0.03548895370070884,0.03548895370070884,-0.003600719461970455,0.1993153768946871,21.605210718727953,-0.004008016032064128,1.6773547094188377,-30.66155000000017,0.11973947895791583,0.43286573146292584,27.58065000000006,-0.19939879759519039,0.37675350701402804,-0.3191382765531062
z_roll_mean_200,1,9980,-0.0346804807266324,0.0346804807266324,-0.054855172319422905,-0.007900245633880257,1.3858688145483493,-0.004008016032064128,1.6773547094188377,-1.8499455438916017,0.2059118236472946,0.43687374749499,1.7974720998534284,-0.1598196392785571,0.3777555110220441,-0.3657314629258517
dev_roll_mean_200,1,9980,-0.034358107019045944,0.034358107019045944,-0.0054571357600078215,-0.1680283121590642,13.801270469108239,-0.004008016032064128,1.6773547094188377,-18.71300000000046,0.11623246492985972,0.41583166332665333,17.6825000000008,-0.12912912912912913,0.3793793793793794,-0.24536159405898886
dev_roll_median_200,1,9980,-0.032897025622708895,0.032897025622708895,-0.005057708536574151,-0.34554108216432866,14.257961303248019,-0.004008016032064128,1.6773547094188377,-19.0,0.11631274131274132,0.42857142857142855,18.0,-0.14869888475836432,0.38011152416356875,-0.2650116260711056
past_ret_50,1,9949,-0.030041004623798672,0.030041004623798672,-0.005252446281935289,-0.12649512513820485,12.540150859664076,-0.0036184541159915568,1.6773545079907528,-16.0,0.23263254113345522,0.4287020109689214,16.0,-0.11185983827493262,0.38095238095238093,-0.34449237940838784
spread_change,1,9998,-0.0280431678308314,0.0280431678308314,-0.028807262815440077,0.0,2.133205374442617,-0.004200840168033607,1.676735347069414,0.0,-0.0011754648429151528,0.40564223124599275,0.0,-0.01506571214873384,0.4005769847205898,-0.013890247305818688
total_depth_L2,1,9999,-0.026099040265647133,0.026099040265647133,-0.007351017686611246,74.3042304230423,7.779701656032956,-0.0042004200420042,1.6765676567656767,64.0,0.14765957446808511,0.43659574468085105,84.0,-0.05559540889526542,0.3952654232424677,-0.20325498336335054
total_depth_L1,1,9999,-0.014346716987425711,0.014346716987425711,-0.008931253633596424,24.730673067306732,3.5198647909621523,-0.0042004200420042,1.6765676567656767,20.0,0.027312060573282854,0.41968631692806924,30.0,-0.021255722694571617,0.40614780902550685,-0.04856778326785447
roll_vol_ret1_10,1,9996,0.01009324659080313,0.01009324659080313,0.036200724778994484,2.1385850903137644,0.6109692327857447,-0.004401760704281713,1.676670668267307,1.4298407059684743,0.0555,0.414,2.951459149490488,0.068,0.43,0.012500000000000004
roll_vol_ret1_20,1,9995,0.008908089762824376,0.008908089762824376,0.04516969200689055,2.166534863195465,0.432175695563571,-0.004502251125562781,1.6767383691845923,1.654340383737026,0.0425,0.413,2.7462893626050935,0.094,0.418,0.0515
roll_vol_ret1_50,1,9989,0.008294288333451898,0.008294288333451898,0.06679747140501531,2.18073308361939,0.27212775192734745,-0.004504955450996096,1.6767444188607468,1.8445728447507506,0.03003003003003003,0.4124124124124124,2.522276261949462,-0.03453453453453453,0.3963963963963964,-0.06456456456456457
total_depth_L3,1,9999,-0.005755800793158656,0.005755800793158656,-0.001743132290263876,75.1938193819382,7.235378908209953,-0.0042004200420042,1.6765676567656767,66.0,0.03340365682137834,0.4008438818565401,84.0,-0.014294996751137101,0.4106562703053931,-0.04769865357251544
roll_vol_ret1_200,1,9979,0.003635380564215674,0.003635380564215674,0.05866499880976468,2.1849086312310733,0.13584041006520833,-0.004208838560978054,1.6773223769916825,1.9991103548824904,0.029559118236472944,0.41082164328657317,2.3507755567292477,-0.02555110220440882,0.38877755511022044,-0.05511022044088176
roll_vol_ret1_1000,1,9979,-0.0012750528851389414,0.0012750528851389414,-0.057747491107646876,2.1875191294484866,0.048400878762746166,-0.004208838560978054,1.6773223769916825,2.134711594934538,0.013527054108216433,0.4228456913827655,2.249324533939491,0.02154308617234469,0.3897795591182365,0.008016032064128258
roll_vol_ret1_500,1,9979,-0.0003513166979796866,0.0003513166979796866,-0.010245872508119227,2.185587460066034,0.07516367632984168,-0.004208838560978054,1.6773223769916825,2.084040702685064,0.029559118236472944,0.4278557114228457,2.274217432320427,-0.01503006012024048,0.3897795591182365,-0.04458917835671342
roll_vol_ret1_100,1,9979,0.00013743351072122124,0.00013743351072122124,0.0015658144099600637,2.1839628142242944,0.1924024173517996,-0.004208838560978054,1.6773223769916825,1.933223612323288,0.03907815631262525,0.40781563126252507,2.43982115553851,-0.030561122244488977,0.39178356713426854,-0.06963927855711423
book_wap_edge_L3,2,9998,0.2539508844138786,0.2539508844138786,1.0630063878404807,0.018707762263120088,0.6874251876792812,-0.008401680336067214,2.2658531706341267,-0.35365853658549895,-0.6903096903096904,0.36063936063936064,0.35365853658549895,0.8814531548757171,0.5382409177820268,1.5717628451854075
imbalance_L2,2,9998,0.24218244659001925,0.24218244659001925,11.484870413893406,0.0009562964272572795,0.06067756560242919,-0.008401680336067214,2.2658531706341267,0.0,-0.08749745054048541,0.4228023658984295,0.0,0.048444489629930865,0.4378812525416836,0.13594194017041628
imbalance_L3,2,9998,-0.23845021044364084,0.23845021044364084,-40.512640612870776,-0.000255201755238778,0.01693630804447217,-0.008401680336067214,2.2658531706341267,0.0,0.048444489629930865,0.4378812525416836,0.0,-0.08749745054048541,0.4228023658984295,-0.13594194017041628
book_wap_edge_L2,2,9998,0.2286274694849072,0.2286274694849072,1.4376938722726365,0.012417472820466664,0.45758689004617314,-0.008401680336067214,2.2658531706341267,-0.35365853658549895,-0.6903096903096904,0.36063936063936064,0.35365853658549895,0.8814531548757171,0.5382409177820268,1.5717628451854075
imbalance_L1,2,9998,0.21803539659060053,0.21803539659060053,10.71340280520433,0.0008620157321152063,0.05856136023726944,-0.008401680336067214,2.2658531706341267,0.0,-0.08535466775377089,0.42305340399510805,0.0,0.047149679910578196,0.43776039020424756,0.1325043476643491
micro_edge_L1,2,9998,0.21570159410561635,0.21570159410561635,2.6867214582917924,0.000932596230406189,0.2310161257737511,-0.008401680336067214,2.2658531706341267,0.0,-0.08535466775377089,0.42305340399510805,0.0,0.047149679910578196,0.43776039020424756,0.1325043476643491
ask_gap_12,2,9998,0.20393577247656464,0.20393577247656464,0.6045107829330045,2.6162232446489297,0.9707355753442674,-0.008401680336067214,2.2658531706341267,2.0,-0.2881753312945973,0.3891946992864424,3.0,0.2610445709797762,0.47418024739838993,0.5492199022743736
ask_size_3,2,9998,0.19282812225718757,0.19282812225718757,0.1594229169806661,0.4830966193238648,3.4804164007146157,-0.008401680336067214,2.2658531706341267,0.0,-0.08749745054048541,0.4228023658984295,0.0,-0.008401680336067214,0.43248649729945987,0.0790957702044182
bid_gap_12,2,9998,-0.1644444494196468,0.1644444494196468,-0.583293376015487,2.5778155631126225,0.8112295465544872,-0.008401680336067214,2.2658531706341267,2.0,0.24490824763057067,0.4666263359548296,3.0,-0.2576900178606866,0.39888866838658465,-0.5025982654912573
bid_gap_23,2,162,0.16247283596332537,0.16247283596332537,0.8688283547438479,2.4382716049382718,0.4977135051673599,-3.4598765432098766,3.79320987654321,2.0,-3.840659340659341,0.03296703296703297,3.0,-2.971830985915493,0.19718309859154928,0.8688283547438478
bid_size_3,2,9998,-0.15287059236705464,0.15287059236705464,-0.1378167897535617,0.40658131626325267,3.1917833477886237,-0.008401680336067214,2.2658531706341267,0.0,0.048444489629930865,0.4378812525416836,0.0,-0.008401680336067214,0.43248649729945987,-0.056846169965998075
mid_change,2,9997,-0.11149276009115812,0.11149276009115812,-0.14640135136104726,-0.004401320396118836,2.191346945320198,-0.008702610783234971,2.265779733920176,-3.0,0.561613475177305,0.50177304964539,3.0,-0.5175202156334232,0.3692722371967655,-1.0791336908107283
past_ret_1,2,9997,-0.11149276009115812,0.11149276009115812,-0.14640135136104726,-0.004401320396118836,2.191346945320198,-0.008702610783234971,2.265779733920176,-3.0,0.561613475177305,0.50177304964539,3.0,-0.5175202156334232,0.3692722371967655,-1.0791336908107283
ask_change,2,9997,-0.11098292511283711,0.11098292511283711,-0.12666279695556854,-0.004401320396118836,2.5212543155183025,-0.008702610783234971,2.265779733920176,-3.0,0.6650224215246637,0.5219730941704036,3.0,-0.21611721611721613,0.3965201465201465,-0.8811396376418799
ask_depth_L2,2,9998,-0.1100363359410274,0.1100363359410274,-0.07351969897543151,37.124324864973,4.30669370892505,-0.008401680336067214,2.2658531706341267,32.0,0.7178030303030303,0.5293560606060606,42.0,-0.05265017667844523,0.41625441696113075,-0.7704532069814755
ask_size_2,2,9998,-0.09252289247597584,0.09252289247597584,-0.07457161317670886,24.767153430686136,3.5701564564877093,-0.008401680336067214,2.2658531706341267,20.0,0.691231343283582,0.5298507462686567,29.0,-0.08366308648954211,0.41492368569813454,-0.7748944297731242
bid_change,2,9997,-0.08885829006964305,0.08885829006964305,-0.10879984032251096,-0.004401320396118836,2.3500616481467658,-0.008702610783234971,2.265779733920176,-3.0,0.15712988192552224,0.44686648501362397,3.0,-0.5359116022099447,0.3756906077348066,-0.693041484135467
past_ret_2,2,9996,-0.08838159240313664,0.08838159240313664,-0.08837887652913895,-0.008403361344537815,2.877623980239693,-0.008903561424569828,2.2658063225290115,-4.0,0.48367537313432835,0.49906716417910446,4.0,-0.4511961722488038,0.37320574162679426,-0.9348715453831322
dev_ema_10,2,9996,-0.08777329250669604,0.08777329250669604,-0.09365714448222023,-0.016599685786934847,2.696759240993334,-0.008903561424569828,2.2658063225290115,-3.4216485624438064,0.4325,0.493,3.4061156156194556,-0.455,0.374,-0.8875
bid_depth_L2,2,9998,0.0846384958634116,0.0846384958634116,0.057925845696207276,37.17993598719744,4.204430126153709,-0.008401680336067214,2.2658531706341267,32.0,-0.42393410852713176,0.40310077519379844,42.0,0.041110330288123685,0.4279690794096978,0.4650444388152554
z_roll_mean_10,2,9996,-0.08220289306049465,0.08220289306049465,-0.20299962032003788,-0.0019207567006259993,1.1652324622031491,-0.008903561424569828,2.2658063225290115,-1.5508856902145636,0.3655,0.48,1.5481768553048574,-0.4745,0.363,-0.84
dev_roll_mean_10,2,9996,-0.08036566816388362,0.08036566816388362,-0.07212631977244952,-0.017488463639426296,3.2062507581278075,-0.008903561424569828,2.2658063225290115,-4.049999999999272,0.41420118343195267,0.4891518737672584,4.049999999999272,-0.3717821782178218,0.3831683168316832,-0.7859833616497744
ask_size_1,2,9998,-0.07742453360981957,0.07742453360981957,-0.12014349454363606,12.357171434286858,1.8543423784493296,-0.008401680336067214,2.2658531706341267,10.0,0.3554054054054054,0.48,15.0,-0.10978750804893754,0.4256278171281391,-0.46519291345434294
ask_depth_L1,2,9998,-0.07742453360981957,0.07742453360981957,-0.12014349454363606,12.357171434286858,1.8543423784493296,-0.008401680336067214,2.2658531706341267,10.0,0.3554054054054054,0.48,15.0,-0.10978750804893754,0.4256278171281391,-0.46519291345434294
dev_roll_median_10,2,9996,-0.07603723258859692,0.07603723258859692,-0.06499897697793179,-0.026035414165666265,3.366204367573139,-0.008903561424569828,2.2658063225290115,-4.0,0.3606425702811245,0.478714859437751,4.0,-0.36561743341404357,0.3890234059725585,-0.7262600036951681
past_ret_3,2,9995,-0.07420891917134648,0.07420891917134648,-0.062491632563412725,-0.012806403201600801,3.4172492788234208,-0.008904452226113057,2.266033016508254,-4.0,0.2959322033898305,0.46372881355932205,4.0,-0.2859554355165429,0.400405131667792,-0.5818876389063734
dev_ema_20,2,9995,-0.07406805162138554,0.07406805162138554,-0.05460480533644464,-0.032070731376451514,3.9033948264097007,-0.008904452226113057,2.266033016508254,-5.002637166692875,0.3945,0.494,4.936524421955619,-0.3105,0.396,-0.7050000000000001
bid_size_2,2,9998,0.0739664108612049,0.0739664108612049,0.06059352950112034,24.80596119223845,3.512528694351528,-0.008401680336067214,2.2658531706341267,20.0,-0.45849236641221375,0.40458015267175573,29.0,0.05264639639639639,0.43018018018018017,0.5111387628086101
dev_roll_median_20,2,9995,-0.07327978507475345,0.07327978507475345,-0.044262111236515224,-0.04767383691845923,4.764249383164343,-0.008904452226113057,2.266033016508254,-6.0,0.5031818181818182,0.5054545454545455,6.0,-0.3081232492997199,0.3949579831932773,-0.8113050674815381
dev_roll_mean_20,2,9995,-0.07205964416510631,0.07205964416510631,-0.04549976961585221,-0.0350637963522446,4.5574859699153905,-0.008904452226113057,2.266033016508254,-5.850000000000364,0.44345238095238093,0.49702380952380953,5.700000000000728,-0.34021632251720746,0.3854473942969518,-0.7836687034695884
z_roll_mean_20,2,9995,-0.07190633257317998,0.07190633257317998,-0.16325832571121626,-0.008945235486492707,1.2674598929650092,-0.008904452226113057,2.266033016508254,-1.6892488027171508,0.2815,0.459,1.6688447312158396,-0.479,0.375,-0.7605
past_ret_5,2,9993,-0.06560892429468479,0.06560892429468479,-0.0439023572454664,-0.02061443010107075,4.300787458239326,-0.008606024216951867,2.266186330431302,-5.5,0.3163167938931298,0.4713740458015267,5.0,-0.32581100141043723,0.4026798307475317,-0.642127795303567
past_ret_10,2,9988,-0.06296727973212882,0.06296727973212882,-0.03072993076997468,-0.037144573488185825,5.897765735360598,-0.009010812975570685,2.2665198237885464,-7.5,0.35271317829457366,0.48255813953488375,7.5,-0.252,0.416,-0.6047131782945736
spread,2,9998,-0.05668742522795184,0.05668742522795184,-0.10783603163942981,15.700940188037608,1.512635956363655,-0.008401680336067214,2.2658531706341267,16.0,0.0003030915336431602,0.4328147100424328,16.0,-0.02865025466893039,0.42646434634974534,-0.02895334620257355
half_spread,2,9998,-0.05668742522795184,0.05668742522795184,-0.21567206327885963,7.850470094018804,0.7563179781818276,-0.008401680336067214,2.2658531706341267,8.0,0.0003030915336431602,0.4328147100424328,8.0,-0.02865025466893039,0.42646434634974534,-0.02895334620257355
z_global_mean,2,9998,-0.05542789269467526,0.05542789269467526,-0.1595034578223794,0.0002603302891395008,0.999930581002813,-0.008401680336067214,2.2658531706341267,-1.3803539920232795,0.28614157527417744,0.48055832502492524,1.3438652467983165,-0.31623505976095617,0.4073705179282869,-0.6023766350351336
dev_global_mean,2,9998,-0.055427892694675254,0.055427892694675254,-0.0062974259196854334,0.006593738747103445,25.326599675229907,-0.008401680336067214,2.2658531706341267,-34.962100000000646,0.28614157527417744,0.48055832502492524,34.037899999999354,-0.31623505976095617,0.4073705179282869,-0.6023766350351336
ask_size_1_change,2,9997,-0.05405824825987675,0.05405824825987675,-0.05970398670633406,-0.00040012003601080324,2.60536273980311,-0.008702610783234971,2.265779733920176,-3.0,0.31658148779102785,0.46621237932992615,3.0,-0.14322766570605186,0.4161383285302594,-0.45980915349707974
ask_depth_L3,2,9998,0.05337524576493112,0.05337524576493112,0.04156423464725517,37.60742148429686,3.6951467041696895,-0.008401680336067214,2.2658531706341267,33.0,-0.06306620209059234,0.42787456445993033,42.0,0.34568690095846644,0.4645367412140575,0.40875310304905876
dev_ema_50,2,9989,-0.05326694715717417,0.05326694715717417,-0.024724311684117744,-0.06784619448681903,6.200924249835532,-0.009210131144258685,2.2664931424567025,-7.949231554334619,0.3893893893893894,0.48848848848848847,8.008575492924866,-0.25875875875875876,0.3973973973973974,-0.6481481481481481
bid_size_1,2,9998,0.05247106169008265,0.05247106169008265,0.08248314618990739,12.373974794958992,1.8304851889520781,-0.008401680336067214,2.2658531706341267,10.0,-0.23652365236523654,0.41474147414741475,15.0,-0.01804123711340206,0.43427835051546393,0.21848241525183448
bid_depth_L1,2,9998,0.05247106169008265,0.05247106169008265,0.08248314618990739,12.373974794958992,1.8304851889520781,-0.008401680336067214,2.2658531706341267,10.0,-0.23652365236523654,0.41474147414741475,15.0,-0.01804123711340206,0.43427835051546393,0.21848241525183448
past_ret_20,2,9978,-0.0489387595148681,0.0489387595148681,-0.0175111705079526,-0.07085588294247344,8.045409641937514,-0.008017638805371818,2.2669873722188814,-10.0,0.2841296928327645,0.48293515358361777,10.0,-0.3178752107925801,0.38701517706576727,-0.6020049036253445
dev_roll_mean_50,2,9989,-0.048248848397057544,0.048248848397057544,-0.01937502614883234,-0.07582436342542338,7.167496400300547,-0.009210131144258685,2.2664931424567025,-9.241999999999825,0.456956956956957,0.5005005005005005,9.3799999999992,-0.2155,0.403,-0.672456956956957
dev_roll_median_50,2,9989,-0.04788839585621436,0.04788839585621436,-0.018488885774940123,-0.11812994293723095,7.454909555353949,-0.009210131144258685,2.2664931424567025,-9.5,0.471086739780658,0.5054835493519442,9.5,-0.23275862068965517,0.4003831417624521,-0.7038453604703132
dev_ema_500,2,9979,-0.046789643219775426,0.046789643219775426,-0.008740861126510239,-0.03466165109769321,15.409713024003342,-0.00821725623810001,2.266960617296322,-21.156306122067686,0.21192384769539077,0.45090180360721444,20.14727929692708,-0.37374749498997994,0.38577154308617234,-0.5856713426853707
dev_roll_median_500,2,9979,-0.04623766105831099,0.04623766105831099,-0.007580149433706223,-0.3088235294117647,17.559701432841237,-0.00821725623810001,2.266960617296322,-25.0,0.1735,0.447,22.0,-0.43501454898157127,0.36954413191076624,-0.6085145489815713
dev_ema_1000,2,9979,-0.04621506401987092,0.04621506401987092,-0.007028143819506089,0.08240827773244147,18.929622642966592,-0.00821725623810001,2.266960617296322,-26.107713013965984,0.3161322645290581,0.46893787575150303,25.708012461759793,-0.2770541082164329,0.405811623246493,-0.593186372745491
bid_size_1_change,2,9997,0.04613872657129669,0.04613872657129669,0.05140478240790091,-0.00040012003601080324,2.5826861882797214,-0.008702610783234971,2.265779733920176,-3.0,-0.21714285714285714,0.408,3.0,0.03503184713375796,0.4365952518818761,0.2521747042766151
dev_roll_median_1000,2,9979,-0.04574014380962185,0.04574014380962185,-0.00616235110783349,0.32057320372782844,21.36732344391015,-0.00821725623810001,2.266960617296322,-30.0,0.18127490039840638,0.448207171314741,27.0,-0.31233000906618313,0.40616500453309157,-0.4936049094645895
dev_roll_mean_500,2,9979,-0.045654795889293866,0.045654795889293866,-0.007488719312491443,-0.07081333266507948,17.550031088869304,-0.00821725623810001,2.266960617296322,-23.600999999999473,0.1342685370741483,0.43587174348697394,22.545000000000076,-0.3907815631262525,0.3837675350701403,-0.5250501002004008
z_roll_mean_50,2,9989,-0.04562353799978517,0.04562353799978517,-0.09667726365018564,-0.03319022381208559,1.358274163688677,-0.009210131144258685,2.2664931424567025,-1.787040900611273,0.2627627627627628,0.47347347347347346,1.747893548866283,-0.32432432432432434,0.3843843843843844,-0.5870870870870871
dev_ema_100,2,9979,-0.04372080580844349,0.04372080580844349,-0.01460658366460792,-0.10424177953675254,8.616651825111624,-0.00821725623810001,2.266960617296322,-11.505099369628443,0.22444889779559118,0.45691382765531063,10.889869834838112,-0.21793587174348697,0.40080160320641284,-0.4423847695390781
dev_ema_200,2,9979,-0.04370822639889962,0.04370822639889962,-0.011033131110085748,-0.11921986580904374,11.404163693091643,-0.00821725623810001,2.266960617296322,-15.776170702638773,0.19188376753507014,0.44188376753507014,14.45237544077827,-0.2970941883767535,0.3787575150300601,-0.48897795591182364
dev_roll_mean_1000,2,9979,-0.04343661715846003,0.04343661715846003,-0.00578834715217569,0.20346101427086652,21.60232337219058,-0.00821725623810001,2.266960617296322,-30.64509999999973,0.22344689378757515,0.4619238476953908,27.580800000000092,-0.3246492985971944,0.40981963927855714,-0.5480961923847696
z_roll_mean_500,2,9979,-0.04283421563560896,0.04283421563560896,-0.0945102439226457,0.03722087919564446,1.3047009307079407,-0.00821725623810001,2.266960617296322,-1.7319394827789834,0.16983967935871744,0.4408817635270541,1.6737045712691698,-0.41382765531062127,0.3717434869739479,-0.5836673346693387
z_roll_mean_1000,2,9979,-0.042673889761535966,0.042673889761535966,-0.0962209888235725,0.09230668166523603,1.2767076271079538,-0.00821725623810001,2.266960617296322,-1.6092970377567908,0.22394789579158317,0.4559118236472946,1.7853496190259748,-0.35821643286573146,0.39178356713426854,-0.5821643286573146
z_roll_mean_100,2,9979,-0.036485614985277026,0.036485614985277026,-0.07621632148201242,-0.029791308449314987,1.3780745883343941,-0.00821725623810001,2.266960617296322,-1.8335852724733954,0.2059118236472946,0.46593186372745493,1.771491626691219,-0.2605210420841683,0.41282565130260523,-0.4664328657314629
bid_depth_L3,2,9998,-0.03595386831880468,0.03595386831880468,-0.028163604258076323,37.586517303460695,3.6734063793132017,-0.008401680336067214,2.2658531706341267,33.0,0.06726768377253814,0.441747572815534,42.0,-0.22509702457956016,0.40426908150064683,-0.29236470835209827
dev_roll_mean_200,2,9979,-0.035886903564634504,0.035886903564634504,-0.00748698096213312,-0.1648837614337569,13.798386208039217,-0.00821725623810001,2.266960617296322,-18.70349999999962,0.18386773547094187,0.44188376753507014,17.6825000000008,-0.1931931931931932,0.3923923923923924,-0.3770609286641351
dev_roll_median_100,2,9979,-0.033916548161430145,0.033916548161430145,-0.009250320090060413,-0.21460066138891673,10.554895122770262,-0.00821725623810001,2.266960617296322,-13.75,0.26376376376376376,0.46846846846846846,13.0,-0.24548736462093862,0.3862815884476534,-0.5092511283847023
dev_roll_median_200,2,9979,-0.03390269520532817,0.03390269520532817,-0.006846931621706013,-0.34189297524802087,14.254016988725054,-0.00821725623810001,2.266960617296322,-19.0,0.15169082125603864,0.4463768115942029,18.0,-0.18401486988847585,0.40148698884758366,-0.3357056911445145
z_roll_mean_200,2,9979,-0.03370298585347876,0.03370298585347876,-0.07001853239176647,-0.007618681300173923,1.3856527629173474,-0.00821725623810001,2.266960617296322,-1.8490050078255171,0.23246492985971945,0.4529058116232465,1.7976479015119193,-0.23947895791583165,0.3937875751503006,-0.4719438877755511
dev_roll_mean_100,2,9979,-0.0336001496127138,0.0336001496127138,-0.009508103218128368,-0.11865928277584768,10.172937142792936,-0.00821725623810001,2.266960617296322,-13.115999999999985,0.2099198396793587,0.45791583166332667,12.909999999999854,-0.2147147147147147,0.3973973973973974,-0.4246345543940734
spread_change,2,9997,-0.03327863753182993,0.03327863753182993,-0.044887013101204604,0.0,2.133312074724011,-0.008702610783234971,2.265779733920176,0.0,0.002671796515977343,0.43432724163727693,0.0,-0.028585167770891217,0.4258388544560804,-0.03125696428686856
past_ret_50,2,9948,-0.025534307122205478,0.025534307122205478,-0.005865497878283547,-0.12389425010052271,12.5380973687199,-0.007237635705669481,2.2679935665460396,-16.0,0.3083257090576395,0.46752058554437326,16.0,-0.10242587601078167,0.41868823000898475,-0.4107515850684212
total_depth_L2,2,9998,-0.015171566342792132,0.015171566342792132,-0.005611221035249924,74.30426085217043,7.780090153051354,-0.008401680336067214,2.2658531706341267,64.0,0.20553191489361702,0.4757446808510638,84.0,-0.012195121951219513,0.41965566714490676,-0.21772703684483655
total_depth_L1,2,9998,-0.013502225923019367,0.013502225923019367,-0.011038460137821941,24.731146229245848,3.5197228074116276,-0.008401680336067214,2.2658531706341267,20.0,0.05708874458874459,0.4485930735930736,30.0,-0.06867233485938522,0.42838456507521255,-0.1257610794481298
ask_gap_23,2,192,-0.011752708464607383,0.011752708464607383,-0.06613756613756615,2.4375,0.49737530995504753,4.03125,4.177083333333333,2.0,4.060185185185185,0.9444444444444444,3.0,3.994047619047619,0.9047619047619048,-0.06613756613756605
roll_vol_ret1_50,2,9988,0.009382897531801064,0.009382897531801064,0.09923953296402939,2.1807164073714937,0.27213627132070184,-0.009010812975570685,2.2665198237885464,1.8445728447507497,0.012512512512512513,0.43043043043043044,2.522300534755424,-0.04504504504504504,0.4184184184184184,-0.05755755755755756
total_depth_L3,2,9998,0.009004784023953058,0.009004784023953058,0.0035809848043586064,75.19393878775755,7.235730924354271,-0.008401680336067214,2.2658531706341267,66.0,-0.004219409282700422,0.43319268635724334,84.0,0.04645873944119558,0.43404808317089016,0.050678148723896
roll_vol_ret1_20,2,9994,0.0075473754195377,0.0075473754195377,0.05025538913220474,2.1664989293405665,0.43218238655449304,-0.008705223133880328,2.266059635781469,1.6543403837370252,0.0845,0.448,2.7462893626050935,0.137,0.459,0.052500000000000005
roll_vol_ret1_10,2,9995,0.005645367901994632,0.005645367901994632,0.02658981268768034,2.13852404459156,0.6109693114540152,-0.008904452226113057,2.266033016508254,1.4298407059684743,0.088,0.435,2.951459149490488,0.0825,0.45,-0.005499999999999991
roll_vol_ret1_1000,2,9978,-0.004757970016888535,0.004757970016888535,-0.2830012625510841,2.1875133125011574,0.048399815883239654,-0.008017638805371818,2.2669873722188814,2.134709906831957,0.07064128256513026,0.467935871743487,2.249335370091296,0.03206412825651302,0.4338677354709419,-0.03857715430861724
roll_vol_ret1_200,2,9978,0.003044173899193849,0.003044173899193849,0.06452712248035036,2.1848775865242445,0.1358118111922997,-0.008017638805371818,2.2669873722188814,1.9991084696164396,0.030561122244488977,0.42985971943887774,2.3507120967370025,-0.09468937875751503,0.41282565130260523,-0.125250501002004
roll_vol_ret1_100,2,9978,-0.003028809137483018,0.003028809137483018,-0.0453244458837293,2.183925275216062,0.1923755104415129,-0.008017638805371818,2.2669873722188814,1.9332209998342345,0.08266533066132264,0.45090180360721444,2.439800455493487,-0.06756756756756757,0.4084084084084084,-0.15023289822889022
roll_vol_ret1_500,2,9978,-0.0028447026505390126,0.0028447026505390126,-0.10894973377622653,2.185582699755898,0.07516593874435606,-0.008017638805371818,2.2669873722188814,2.0840333944683227,0.0841683366733467,0.46893787575150303,2.274222366928561,-0.028056112224448898,0.4288577154308617,-0.11222444889779559
book_wap_edge_L3,3,9997,0.2048715801337353,0.2048715801337353,1.018302800786636,0.018709633600747688,0.687459546365396,-0.013103931179353805,2.6972091627488246,-0.35365853658549895,-0.7577422577422578,0.3756243756243756,0.35365853658549895,0.9206500956022945,0.5449330783938815,1.6783923533445524
imbalance_L2,3,9997,0.19651833475555838,0.19651833475555838,11.066125171717205,0.0009563920855975073,0.060680599864927354,-0.013103931179353805,2.6972091627488246,0.0,-0.088883222845487,0.4388577256501785,0.0,0.04138281647178444,0.45195729537366547,0.13026603931727143
imbalance_L3,3,9997,-0.19061086507742897,0.19061086507742897,-38.454711645026315,-0.0002552272830726521,0.01693715498519014,-0.013103931179353805,2.6972091627488246,0.0,0.04138281647178444,0.45195729537366547,0.0,-0.088883222845487,0.4388577256501785,-0.13026603931727143
book_wap_edge_L2,3,9997,0.18496341744113323,0.18496341744113323,1.3811248189243337,0.012418714940384686,0.4576097611175143,-0.013103931179353805,2.6972091627488246,-0.35365853658549895,-0.7577422577422578,0.3756243756243756,0.35365853658549895,0.9206500956022945,0.5449330783938815,1.6783923533445524
imbalance_L1,3,9997,0.1792484221788434,0.1792484221788434,10.458390085560698,0.0008621019595566503,0.05856428876899688,-0.013103931179353805,2.6972091627488246,0.0,-0.08653552135358271,0.43899704413413515,0.0,0.03988821138211382,0.45172764227642276,0.12642373273569651
micro_edge_L1,3,9997,0.17699551906757024,0.17699551906757024,2.6178250652594564,0.0009326895180155123,0.23102768072489827,-0.013103931179353805,2.6972091627488246,0.0,-0.08653552135358271,0.43899704413413515,0.0,0.03988821138211382,0.45172764227642276,0.12642373273569651
ask_gap_12,3,9997,0.16363489195977138,0.16363489195977138,0.5759759746239101,2.6162848854656398,0.9707645623934049,-0.013103931179353805,2.6972091627488246,2.0,-0.2715130505709625,0.4159869494290375,3.0,0.2357156881994895,0.4773218142548596,0.5072287387704519
ask_size_3,3,9997,0.1561807273489346,0.1561807273489346,0.15332652718116058,0.48314494348304493,3.48058713251263,-0.013103931179353805,2.6972091627488246,0.0,-0.088883222845487,0.4388577256501785,0.0,-0.013103931179353805,0.4472341702510753,0.07577929166613319
bid_gap_23,3,162,0.1533329182264035,0.1533329182264035,0.9851416189444359,2.4382716049382718,0.4977135051673599,-3.3209876543209877,3.919753086419753,2.0,-3.7527472527472527,0.13186813186813187,3.0,-2.767605633802817,0.19718309859154928,0.9851416189444357
bid_gap_12,3,9997,-0.13280088572287138,0.13280088572287138,-0.5593567441306004,2.5778733620086025,0.8112495356493381,-0.013103931179353805,2.6972091627488246,2.0,0.2291246470350948,0.4717628075837031,3.0,-0.25143877753522526,0.42309982139313357,-0.4805634245703201
bid_size_3,3,9997,-0.12246563343405723,0.12246563343405723,-0.13109973900089286,0.4066219865959788,3.191940406065108,-0.013103931179353805,2.6972091627488246,0.0,0.04138281647178444,0.45195729537366547,0.0,-0.013103931179353805,0.4472341702510753,-0.05448674765113824
ask_depth_L2,3,9997,-0.0937434802885313,0.0937434802885313,-0.07437432180133918,37.12453736120836,4.30685670813545,-0.013103931179353805,2.6972091627488246,32.0,0.7244318181818182,0.5208333333333334,42.0,-0.0431095406360424,0.44593639575971733,-0.7675413588178607
ask_change,3,9996,-0.09323649681224673,0.09323649681224673,-0.1263742788914927,-0.004001600640256103,2.521063639524934,-0.01330532212885154,2.697278911564626,-3.0,0.6867145421903053,0.5457809694793537,3.0,-0.1858974358974359,0.413003663003663,-0.8726119780877412
mid_change,3,9996,-0.09216754503925127,0.09216754503925127,-0.14373877712394406,-0.004001600640256103,2.191092064659846,-0.01330532212885154,2.697278911564626,-3.0,0.5678793256433008,0.5261756876663709,3.0,-0.47349505840071876,0.3863432165318958,-1.0413743840440195
past_ret_1,3,9996,-0.09216754503925127,0.09216754503925127,-0.14373877712394406,-0.004001600640256103,2.191092064659846,-0.01330532212885154,2.697278911564626,-3.0,0.5678793256433008,0.5261756876663709,3.0,-0.47349505840071876,0.3863432165318958,-1.0413743840440195
dev_ema_10,3,9995,-0.0795122191088064,0.0795122191088064,-0.10078187574839127,-0.015888333616264513,2.6959561180392413,-0.01360680340170085,2.6972486243121563,-3.4197364160703727,0.5385,0.519,3.4061792520682506,-0.4705,0.392,-1.009
ask_size_2,3,9997,-0.07800825917769759,0.07800825917769759,-0.07465776536470435,24.767230169050716,3.570326785278845,-0.013103931179353805,2.6972091627488246,20.0,0.722481343283582,0.523320895522388,29.0,-0.08762012436404748,0.4347088750706614,-0.8101014676476295
z_roll_mean_10,3,9995,-0.07484593924733107,0.07484593924733107,-0.219501656880693,-0.001757754309907996,1.1651767810363558,-0.01360680340170085,2.6972486243121563,-1.5506463507600214,0.403,0.501,1.5481768553385555,-0.475,0.392,-0.878
past_ret_2,3,9995,-0.0741518250172309,0.0741518250172309,-0.08805437516178917,-0.008104052026013006,2.8776123347017903,-0.01360680340170085,2.6972486243121563,-4.0,0.4300373134328358,0.5027985074626866,4.0,-0.41578947368421054,0.39425837320574164,-0.8458267871170464
dev_roll_mean_10,3,9995,-0.07332500275617915,0.07332500275617915,-0.07817445472726174,-0.016589763135538293,3.2051518438959725,-0.01360680340170085,2.6972486243121563,-4.049999999999272,0.5133267522211253,0.5153010858835143,4.049999999999272,-0.401980198019802,0.40594059405940597,-0.9153069502409273
bid_change,3,9996,-0.0718517258302107,0.0718517258302107,-0.10448539476785755,-0.004001600640256103,2.349839327705291,-0.01330532212885154,2.697278911564626,-3.0,0.17181818181818181,0.48363636363636364,3.0,-0.4871086556169429,0.39594843462246776,-0.6589268374351247
dev_roll_median_20,3,9994,-0.07138294537060802,0.07138294537060802,-0.051210572242319174,-0.04657794676806084,4.763227753700371,-0.013307984790874524,2.697218330998599,-6.0,0.6014558689717925,0.5177434030937216,6.0,-0.3510737628384687,0.4042950513538749,-0.9525296318102612
dev_roll_median_10,3,9995,-0.06928081267704529,0.06928081267704529,-0.07035327583592091,-0.025087543771885944,3.3650384500183623,-0.01360680340170085,2.6972486243121563,-4.0,0.4240353697749196,0.49758842443729906,4.0,-0.43301049233252625,0.39709443099273606,-0.8570458621074459
dev_ema_20,3,9994,-0.06924166875118799,0.06924166875118799,-0.060635571680312465,-0.031018914458326757,3.9021733846693634,-0.013307984790874524,2.697218330998599,-4.999744015155192,0.485,0.504,4.9367074025965865,-0.35,0.405,-0.835
dev_roll_mean_20,3,9994,-0.06916408457691013,0.06916408457691013,-0.051870208007355846,-0.03400166545334052,4.556476728852735,-0.013307984790874524,2.697218330998599,-5.850000000000364,0.528798411122145,0.5134061569016882,5.700000000000728,-0.40757128810226156,0.3972468043264503,-0.9363696992244066
ask_size_1,3,9997,-0.06752898121611169,0.06752898121611169,-0.1244321361503991,12.357307192157647,1.8543854424334043,-0.013103931179353805,2.6972091627488246,10.0,0.41621621621621624,0.49135135135135133,15.0,-0.09755312298776561,0.437862202189311,-0.5137693392039818
ask_depth_L1,3,9997,-0.06752898121611169,0.06752898121611169,-0.1244321361503991,12.357307192157647,1.8543854424334043,-0.013103931179353805,2.6972091627488246,10.0,0.41621621621621624,0.49135135135135133,15.0,-0.09755312298776561,0.437862202189311,-0.5137693392039818
dev_global_mean,3,9997,-0.06567644398478435,0.06567644398478435,-0.008861246278859685,0.01009165749660307,25.32545119675869,-0.013103931179353805,2.6972091627488246,-34.962100000000646,0.39271457085828343,0.5099800399201597,34.037899999999354,-0.4601593625498008,0.40239043824701193,-0.8528739334080842
z_global_mean,3,9997,-0.06567644398478435,0.06567644398478435,-0.22444081758478449,0.00039843315222967056,0.9998852374209773,-0.013103931179353805,2.6972091627488246,-1.3803539920232795,0.39271457085828343,0.5099800399201597,1.3438652467983165,-0.4601593625498008,0.40239043824701193,-0.8528739334080842
z_roll_mean_20,3,9994,-0.06537149876640148,0.06537149876640148,-0.17626466030771626,-0.008723814881299497,1.2673299742048147,-0.013307984790874524,2.697218330998599,-1.6887619842938044,0.3365,0.49,1.668844731304739,-0.477,0.4,-0.8135
bid_depth_L2,3,9997,0.0637870167318525,0.0637870167318525,0.051838405867475096,37.180154046213865,4.204583887442787,-0.013103931179353805,2.6972091627488246,32.0,-0.3594961240310077,0.4118217054263566,42.0,0.05305692199578355,0.4546732255797611,0.41255304602679127
past_ret_3,3,9994,-0.06370897995810934,0.06370897995810934,-0.0637176340442805,-0.012107264358615168,3.4167053157613094,-0.013307984790874524,2.697218330998599,-4.0,0.28527815468113976,0.4830393487109905,4.0,-0.3193787981093856,0.40783254557731263,-0.6046569527905253
ask_gap_23,3,192,-0.06208636363760629,0.06208636363760629,-0.42261904761904734,2.4375,0.49737530995504753,3.8567708333333335,4.2421875,2.0,4.041666666666667,0.8888888888888888,3.0,3.619047619047619,0.8571428571428571,-0.4226190476190479
past_ret_10,3,9987,-0.060415724748444824,0.060415724748444824,-0.03501857621734425,-0.03594673074997497,5.896845887451577,-0.013617703013918094,2.6982076699709623,-7.5,0.494180407371484,0.507274490785645,7.5,-0.2365,0.423,-0.730680407371484
past_ret_5,3,9992,-0.06031109993308241,0.06031109993308241,-0.047937921995600895,-0.019515612489991993,4.299599672896175,-0.013310648518815051,2.6977582065652523,-5.5,0.36867239732569246,0.4880611270296084,5.0,-0.4012693935119887,0.41114245416078987,-0.7699417908376811
bid_size_2,3,9997,0.05620593515107611,0.05620593515107611,0.05467440770460286,24.806041812543764,3.512695135974592,-0.013103931179353805,2.6972091627488246,20.0,-0.37309160305343514,0.4122137404580153,29.0,0.04448198198198198,0.44707207207207206,0.41757358503541714
dev_roll_median_1000,3,9978,-0.052577726248314506,0.052577726248314506,-0.008412757145005289,0.3251653638003608,21.363469172219702,-0.012226899178192023,2.6986370014030867,-30.0,0.269690927218345,0.47058823529411764,27.0,-0.42883046237534,0.4043517679057117,-0.698521389593685
dev_ema_1000,3,9978,-0.052551596768922244,0.052551596768922244,-0.009492006684056743,0.0869995051722942,18.9250140544626,-0.012226899178192023,2.6986370014030867,-26.105688441628807,0.4468937875751503,0.49899799599198397,25.708368870900635,-0.3627254509018036,0.4088176352705411,-0.8096192384769538
dev_roll_median_500,3,9978,-0.05208893576674448,0.05208893576674448,-0.010144395154196212,-0.3033423531769894,17.552042266786014,-0.012226899178192023,2.6986370014030867,-25.0,0.2677677677677678,0.4844844844844845,22.0,-0.6323957322987391,0.3773035887487876,-0.9001635000665069
dev_ema_500,3,9978,-0.05199845030643777,0.05199845030643777,-0.011538515008772454,-0.030378116414903036,15.40454272041671,-0.012226899178192023,2.6986370014030867,-21.1497413931158,0.27304609218436876,0.4759519038076152,20.14728083305272,-0.5195390781563126,0.3847695390781563,-0.7925851703406814
dev_roll_mean_500,3,9978,-0.05140107616854588,0.05140107616854588,-0.010015349474667935,-0.06568342820854164,17.543426965656508,-0.012226899178192023,2.6986370014030867,-23.52530000000042,0.21743486973947895,0.47394789579158314,22.54550000000018,-0.5150300601202404,0.3997995991983968,-0.7324649298597194
dev_ema_50,3,9988,-0.050630642502066246,0.050630642502066246,-0.02791634977632063,-0.06616113480227317,6.198947155431986,-0.013916700040048057,2.698237885462555,-7.946546307876269,0.487987987987988,0.5015015015015015,8.008684189913948,-0.31431431431431434,0.4024024024024024,-0.8023023023023024
dev_roll_mean_1000,3,9978,-0.04975993608027434,0.04975993608027434,-0.007875060116748434,0.20781293459701106,21.59903088957189,-0.012226899178192023,2.6986370014030867,-30.633649999999395,0.3251503006012024,0.4879759519038076,27.580950000000122,-0.407314629258517,0.41382765531062127,-0.7324649298597194
z_roll_mean_1000,3,9978,-0.04811123992837263,0.04811123992837263,-0.1288336687997794,0.09256351750581418,1.2765137727036193,-0.012226899178192023,2.6986370014030867,-1.6080439565541462,0.3216432865731463,0.47695390781563124,1.7853682281941583,-0.4714428857715431,0.3937875751503006,-0.7930861723446894
z_roll_mean_500,3,9978,-0.04699589457589594,0.04699589457589594,-0.12315675877416739,0.03753134594799042,1.3043976261824726,-0.012226899178192023,2.6986370014030867,-1.7315533466024788,0.21192384769539077,0.467935871743487,1.6737335354179672,-0.6067134268537074,0.3717434869739479,-0.8186372745490982
past_ret_20,3,9977,-0.04672516401782492,0.04672516401782492,-0.019856463575758806,-0.06895860479101934,8.043580278013243,-0.011827202565901574,2.6985065650997293,-10.0,0.3112724167378309,0.4901793339026473,10.0,-0.32841483979763914,0.3996627318718381,-0.6396872565354701
dev_roll_mean_50,3,9988,-0.046026256829881346,0.046026256829881346,-0.021953982250956298,-0.07404481039813314,7.1656480665503155,-0.013916700040048057,2.698237885462555,-9.239999999999782,0.5535,0.511,9.3799999999992,-0.2705,0.403,-0.8240000000000001
dev_roll_median_50,3,9988,-0.04593317362684971,0.04593317362684971,-0.021065907044625524,-0.11613936724068882,7.4526275223899265,-0.013916700040048057,2.698237885462555,-9.5,0.5948103792415169,0.5159680638722555,9.5,-0.25766283524904215,0.40325670498084293,-0.8524732144905591
dev_ema_200,3,9978,-0.045746699915501975,0.045746699915501975,-0.013716952960463314,-0.11598190973982012,11.4001469773598,-0.012226899178192023,2.6986370014030867,-15.769298468743363,0.23446893787575152,0.46893787575150303,14.452601467544811,-0.41132264529058116,0.3907815631262525,-0.6457915831663327
ask_size_1_change,3,9996,-0.04501504678744402,0.04501504678744402,-0.05904092258933984,-0.00010004001600640257,2.6053202944963325,-0.01330532212885154,2.697278911564626,-3.0,0.3190340909090909,0.4738636363636364,3.0,-0.0930835734870317,0.4409221902017291,-0.41211766439612263
spread,3,9997,-0.04479888366294758,0.04479888366294758,-0.10119388453323075,15.700910273081925,1.5127086588785545,-0.013103931179353805,2.6972091627488246,16.0,-0.005405678488430838,0.44771142770536526,16.0,-0.027061445399554282,0.44264034808447417,-0.021655766911123444
half_spread,3,9997,-0.04479888366294758,0.04479888366294758,-0.2023877690664615,7.850455136540963,0.7563543294392773,-0.013103931179353805,2.6972091627488246,8.0,-0.005405678488430838,0.44771142770536526,8.0,-0.027061445399554282,0.44264034808447417,-0.021655766911123444
dev_ema_100,3,9978,-0.042889549727625285,0.042889549727625285,-0.01702012072176994,-0.10187803400565079,8.613847530317278,-0.012226899178192023,2.6986370014030867,-11.500968372089664,0.2910821643286573,0.47695390781563124,10.891612218075736,-0.281563126252505,0.405811623246493,-0.5726452905811623
z_roll_mean_50,3,9988,-0.04263692776054944,0.04263692776054944,-0.1073043733928624,-0.0329333799042033,1.3580995569211534,-0.013916700040048057,2.698237885462555,-1.7869637379691132,0.36486486486486486,0.4994994994994995,1.7479198403581404,-0.4004004004004004,0.3863863863863864,-0.7652652652652653
bid_size_1,3,9997,0.03865751172932819,0.03865751172932819,0.0721606709590895,12.3741122336701,1.8305251578573845,-0.013103931179353805,2.6972091627488246,10.0,-0.15456545654565457,0.43399339933993397,15.0,-0.01610824742268041,0.44458762886597936,0.13845720912297416
bid_depth_L1,3,9997,0.03865751172932819,0.03865751172932819,0.0721606709590895,12.3741122336701,1.8305251578573845,-0.013103931179353805,2.6972091627488246,10.0,-0.15456545654565457,0.43399339933993397,15.0,-0.01610824742268041,0.44458762886597936,0.13845720912297416
ask_depth_L3,3,9997,0.03784893868459786,0.03784893868459786,0.03499882655034926,37.60768230469141,3.6952394939796687,-0.013103931179353805,2.6972091627488246,33.0,-0.003484320557491289,0.445993031358885,42.0,0.34217252396166137,0.48753993610223645,0.3456568445191527
dev_roll_mean_200,3,9978,-0.037531378151056664,0.037531378151056664,-0.009299979916417843,-0.16151458762752663,13.794972239454145,-0.012226899178192023,2.6986370014030867,-18.700750000000333,0.21092184368737474,0.47194388777555113,17.6825000000008,-0.25825825825825827,0.3983983983983984,-0.469180101945633
dev_roll_median_200,3,9978,-0.03511009419172933,0.03511009419172933,-0.008422508078339996,-0.3380186410102225,14.249475793929312,-0.012226899178192023,2.6986370014030867,-19.0,0.163926499032882,0.4738878143133462,18.0,-0.24628252788104088,0.4052044609665427,-0.4102090269139229
bid_size_1_change,3,9996,0.03495169512287992,0.03495169512287992,0.046244569266716336,-0.00010004001600640257,2.5826410914991165,-0.01330532212885154,2.697278911564626,-3.0,-0.21526586620926244,0.4202401372212693,3.0,0.07353792704111176,0.4603358425014476,0.2888037932503742
bid_depth_L3,3,9997,-0.03340279673812712,0.03340279673812712,-0.031070287460686696,37.586776032809844,3.6734990155382663,-0.013103931179353805,2.6972091627488246,33.0,0.12482662968099861,0.45839112343966715,42.0,-0.19954721862871927,0.43272962483829236,-0.3243738483097179
z_roll_mean_100,3,9978,-0.03337832410426757,0.03337832410426757,-0.08280296099437753,-0.029548107582460462,1.377929473548133,-0.012226899178192023,2.6986370014030867,-1.8332711717442383,0.2279559118236473,0.4649298597194389,1.771610517860533,-0.30360721442885774,0.40781563126252507,-0.531563126252505
z_roll_mean_200,3,9978,-0.033356105823023896,0.033356105823023896,-0.0823025832479249,-0.007312293049198606,1.3853841219016518,-0.012226899178192023,2.6986370014030867,-1.8480213855152685,0.281563126252505,0.47394789579158314,1.79782370317041,-0.3156312625250501,0.41282565130260523,-0.597194388777555
dev_roll_median_100,3,9978,-0.03283357506018589,0.03283357506018589,-0.010635876853953913,-0.21209160152335138,10.552447555352602,-0.012226899178192023,2.6986370014030867,-13.574999999999989,0.3151302605210421,0.47995991983967934,13.0,-0.2585740072202166,0.4043321299638989,-0.5737042677412587
dev_roll_mean_100,3,9978,-0.031862748212779235,0.031862748212779235,-0.010709427876032114,-0.11604790367009268,10.17010158306191,-0.012226899178192023,2.6986370014030867,-13.111500000000342,0.2680360721442886,0.47995991983967934,12.909999999999854,-0.22422422422422422,0.41041041041041043,-0.4922602963685128
spread_change,3,9996,-0.03103709930252985,0.03103709930252985,-0.04971203728128022,0.0,2.133418791018054,-0.01330532212885154,2.697278911564626,0.0,0.003527148353997435,0.44848225737494657,0.0,-0.026023298065619323,0.4422357593245698,-0.02955044641961676
past_ret_50,3,9947,-0.02318500573930985,0.02318500573930985,-0.006325562060154719,-0.12099125364431487,12.535383810555011,-0.011259676284306826,2.700211118930331,-16.0,0.3090659340659341,0.47619047619047616,16.0,-0.09883198562443846,0.42677448337825696,-0.40789791969037253
total_depth_L2,3,9997,-0.017421028195769492,0.017421028195769492,-0.007650969123053698,74.30469140742223,7.78036018440913,-0.013103931179353805,2.6972091627488246,64.0,0.21617021276595744,0.4765957446808511,84.0,-0.010043041606886656,0.4483500717360115,-0.2262132543728441
total_depth_L1,3,9997,-0.015472845789905966,0.015472845789905966,-0.015020882919418384,24.73141942582775,3.519792847954515,-0.013103931179353805,2.6972091627488246,20.0,0.12012987012987013,0.46266233766233766,30.0,-0.06671026814911707,0.4395029431000654,-0.1868401382789872
roll_vol_ret1_50,3,9987,0.01125747320912335,0.01125747320912335,0.14138609390565895,2.1807024862504285,0.27214634026869816,-0.013617703013918094,2.6982076699709623,1.8445728447507488,-0.0065065065065065065,0.44044044044044045,2.522324807561385,-0.07107107107107107,0.42242242242242245,-0.06456456456456455
roll_vol_ret1_20,3,9993,0.008519260610814042,0.008519260610814042,0.0673612195555766,2.1664717418920207,0.43219546560093525,-0.013309316521565095,2.6974882417692383,1.6543403837370245,0.12,0.467,2.746289362605094,0.192,0.466,0.07200000000000001
roll_vol_ret1_1000,3,9977,-0.0077633717209738265,0.0077633717209738265,-0.5482970335536358,2.18750756832238,0.0483988401959636,-0.011827202565901574,2.6985065650997293,2.134708218729376,0.13577154308617234,0.4779559118236473,2.2493462062431004,0.04008016032064128,0.4288577154308617,-0.09569138276553106
roll_vol_ret1_100,3,9977,-0.00590116707463765,0.00590116707463765,-0.1048695440343944,2.18388772868272,0.19234858704276023,-0.011827202565901574,2.6985065650997293,1.9332183873451807,0.13276553106212424,0.467935871743487,2.4398004554934865,-0.13226452905811623,0.40380761523046094,-0.26503006012024044
roll_vol_ret1_500,3,9977,-0.004843893639339925,0.004843893639339925,-0.22027275079964942,2.185577975553368,0.07516822457779325,-0.011827202565901574,2.6985065650997293,2.084026086251582,0.11272545090180361,0.47995991983967934,2.274227301536694,-0.06012024048096192,0.437875751503006,-0.17284569138276554
roll_vol_ret1_10,3,9994,0.00431633209194664,0.00431633209194664,0.024140777127145702,2.138480534102184,0.6109843942214158,-0.013307984790874524,2.697218330998599,1.4298407059684743,0.1155,0.463,2.951459149490488,0.0615,0.462,-0.054000000000000006
roll_vol_ret1_200,3,9977,0.0024136845606518233,0.0024136845606518233,0.06076194983143411,2.1848469857285346,0.13578421321702416,-0.011827202565901574,2.6985065650997293,1.9991065843503886,0.022545090180360723,0.44789579158316634,2.3506948614318044,-0.1748496993987976,0.40681362725450904,-0.19739478957915832
total_depth_L3,3,9997,0.0023709195891348797,0.0023709195891348797,0.0011196086784042963,75.19445833750125,7.235906345126637,-0.013103931179353805,2.6972091627488246,66.0,0.05168776371308017,0.4507735583684951,84.0,0.06302794022092267,0.46068875893437294,0.011340176507842505
bid_gap_23,5,162,0.21252047939735136,0.21252047939735136,1.6422380436464943,2.4382716049382718,0.4977135051673599,-3.7253086419753085,4.435185185185185,2.0,-4.445054945054945,0.14285714285714285,3.0,-2.8028169014084505,0.2112676056338028,1.6422380436464947
book_wap_edge_L3,5,9995,0.16162734555701203,0.16162734555701203,1.011137528052056,0.01871215727711085,0.6875119383447675,-0.02171085542771386,3.3943971985993,-0.35365853658549895,-0.6938061938061938,0.39760239760239763,0.35365853658549895,0.76434034416826,0.5277246653919694,1.4581465379744538
imbalance_L2,5,9995,0.15778513863806418,0.15778513863806418,11.182745025713285,0.000956583459701679,0.06068666975576508,-0.02171085542771386,3.3943971985993,0.0,-0.09242068754462919,0.44965826787718044,0.0,0.039306417166683615,0.46079528119597274,0.1317271047113128
imbalance_L3,5,9995,-0.15249598878590376,0.15249598878590376,-38.72131967015938,-0.00025527835406476265,0.016938849247875712,-0.02171085542771386,3.3943971985993,0.0,0.039306417166683615,0.46079528119597274,0.0,-0.09242068754462919,0.44965826787718044,-0.1317271047113128
imbalance_L1,5,9995,0.14591039666901645,0.14591039666901645,10.714836681738493,0.0008622744662018842,0.058570147150741395,-0.02171085542771386,3.3943971985993,0.0,-0.08996839637067999,0.4497910082577225,0.0,0.03801585688147997,0.46076438300467576,0.12798425325215995
book_wap_edge_L2,5,9995,0.14500042729656978,0.14500042729656978,1.36279185239746,0.012419979803609208,0.45763094781616703,-0.02171085542771386,3.3943971985993,-0.35365853658549895,-0.6938061938061938,0.39760239760239763,0.35365853658549895,0.76434034416826,0.5277246653919694,1.4581465379744538
micro_edge_L1,5,9995,0.1445558346758668,0.1445558346758668,2.690938608276666,0.0009328761492347251,0.23105079582974053,-0.02171085542771386,3.3943971985993,0.0,-0.08996839637067999,0.4497910082577225,0.0,0.03801585688147997,0.46076438300467576,0.12798425325215995
ask_gap_12,5,9995,0.11841851189164572,0.11841851189164572,0.5246262493053515,2.6163081540770383,0.9708345321947943,-0.02171085542771386,3.3943971985993,2.0,-0.2397511727513767,0.43483581480726086,3.0,0.18823644933228595,0.47663000785545956,0.42798762208366264
bid_gap_12,5,9995,-0.1162370829129562,0.1162370829129562,-0.6162250203975028,2.577888944472236,0.8112991245123449,-0.02171085542771386,3.3943971985993,2.0,0.2316925559814404,0.4764978817833367,3.0,-0.2710400952759031,0.43608574831282254,-0.5027326512573436
ask_size_3,5,9995,0.11489810090066899,0.11489810090066899,0.14196894635655957,0.4832416208104052,3.480928671460829,-0.02171085542771386,3.3943971985993,0.0,-0.09242068754462919,0.44965826787718044,0.0,-0.02171085542771386,0.456128064032016,0.07070983211691534
bid_size_3,5,9995,-0.10973557676279778,0.10973557676279778,-0.1478514414802245,0.40670335167583793,3.192254592160919,-0.02171085542771386,3.3943971985993,0.0,0.039306417166683615,0.46079528119597274,0.0,-0.02171085542771386,0.456128064032016,-0.06101727259439747
dev_global_mean,5,9995,-0.0827142958832766,0.0827142958832766,-0.01404826542741079,0.01638924462166505,25.32407002502439,-0.02171085542771386,3.3943971985993,-34.962100000000646,0.659181636726547,0.5129740518962076,34.037899999999354,-0.7071713147410359,0.3954183266932271,-1.366352951467583
z_global_mean,5,9995,-0.0827142958832766,0.0827142958832766,-0.35581949524394507,0.0006470709493926976,0.9998307067744454,-0.02171085542771386,3.3943971985993,-1.3803539920232795,0.659181636726547,0.5129740518962076,1.3438652467983165,-0.7071713147410359,0.3954183266932271,-1.366352951467583
dev_ema_10,5,9993,-0.07717257129799784,0.07717257129799784,-0.12317507638901816,-0.014743988983769322,2.6949730174311375,-0.02191534073851696,3.3948764134894427,-3.416982262473539,0.6955,0.514,3.40630652496584,-0.562,0.405,-1.2575
mid_change,5,9994,-0.07628939544332207,0.07628939544332207,-0.14977326339015049,-0.0037022213327996796,2.1909236418150346,-0.021713027816690014,3.3947368421052633,-3.0,0.5146536412078153,0.4991119005328597,3.0,-0.5444743935309974,0.4106019766397125,-1.0591280347388126
past_ret_1,5,9994,-0.07628939544332207,0.07628939544332207,-0.14977326339015049,-0.0037022213327996796,2.1909236418150346,-0.021713027816690014,3.3947368421052633,-3.0,0.5146536412078153,0.4991119005328597,3.0,-0.5444743935309974,0.4106019766397125,-1.0591280347388126
dev_roll_median_20,5,9992,-0.07521263027252416,0.07521263027252416,-0.06793788730352722,-0.04493594875900721,4.762278209036822,-0.021917534027221776,3.3952161729383508,-6.0,0.8318140382862352,0.5305378304466728,6.0,-0.47012138188608776,0.41083099906629317,-1.301935420172323
ask_change,5,9994,-0.07341198648993563,0.07341198648993563,-0.1252550117264474,-0.0037022213327996796,2.520978983709797,-0.021713027816690014,3.3947368421052633,-3.0,0.610062893081761,0.5112309074573226,3.0,-0.21886446886446886,0.43772893772893773,-0.8289273619462298
dev_roll_mean_10,5,9993,-0.07193173550920351,0.07193173550920351,-0.09657142218211066,-0.015202109730781926,3.2039534856233676,-0.02191534073851696,3.3948764134894427,-4.049999999999272,0.7072205736894164,0.516320474777448,4.049999999999272,-0.39900990099009903,0.4207920792079208,-1.1062304746795153
dev_roll_mean_20,5,9992,-0.07091859302147631,0.07091859302147631,-0.06696938473677089,-0.03230210613897959,4.555329806874586,-0.021917534027221776,3.3952161729383508,-5.850000000000364,0.7218905472636816,0.5213930348258706,5.700000000000728,-0.5068829891838741,0.41002949852507375,-1.2287735364475556
dev_roll_median_10,5,9993,-0.07084416922025431,0.07084416922025431,-0.09060040307258474,-0.023491444010807567,3.3634755332069584,-0.02191534073851696,3.3948764134894427,-4.0,0.6392914653784219,0.5096618357487923,4.0,-0.4443099273607748,0.41969330104923325,-1.0836013927391965
dev_ema_20,5,9992,-0.069225148999767,0.069225148999767,-0.07634134770371617,-0.02931242330609828,3.900677993658939,-0.021917534027221776,3.3952161729383508,-4.996484037803202,0.7325,0.521,4.9370733638785165,-0.319,0.427,-1.0515
z_roll_mean_10,5,9993,-0.06892585846943806,0.06892585846943806,-0.2544768156941517,-0.0014322623164690497,1.165059896004435,-0.02191534073851696,3.3948764134894427,-1.5501402788942236,0.4235,0.494,1.5481768554059523,-0.4815,0.416,-0.905
past_ret_2,5,9993,-0.06570754441262788,0.06570754441262788,-0.09822967117123865,-0.007305113579505654,2.8773112116206137,-0.02191534073851696,3.3948764134894427,-4.0,0.38562091503267976,0.48366013071895425,4.0,-0.5267942583732057,0.41148325358851673,-0.9124151734058854
ask_depth_L2,5,9995,-0.06517556868629908,0.06517556868629908,-0.06508662873123164,37.12376188094047,4.30693864451541,-0.02171085542771386,3.3943971985993,32.0,0.7926136363636364,0.5284090909090909,42.0,0.05371024734982332,0.4565371024734982,-0.738903389013813
z_roll_mean_20,5,9992,-0.06489106953834128,0.06489106953834128,-0.22028517274209206,-0.008345813079224287,1.2671723554220722,-0.021917534027221776,3.3952161729383508,-1.6860491337504322,0.6095,0.515,1.6688447314825376,-0.5655,0.416,-1.175
dev_roll_median_1000,5,9976,-0.06471694017810554,0.06471694017810554,-0.013038200501932521,0.33372594226142743,21.357050288681155,-0.019145950280673618,3.3960505212510026,-30.0,0.512987012987013,0.4965034965034965,27.0,-0.7017225747960109,0.39619220308250225,-1.2147095877830238
dev_ema_1000,5,9976,-0.06408826109526465,0.06408826109526465,-0.014576688992054063,0.09550978387326638,18.917360943902853,-0.019145950280673618,3.3960505212510026,-26.101695381467835,0.688376753507014,0.5170340681362725,25.709081689182312,-0.5661322645290581,0.4028056112224449,-1.254509018036072
bid_change,5,9994,-0.06350494980048814,0.06350494980048814,-0.11624923977497303,-0.0037022213327996796,2.3497129840804725,-0.021713027816690014,3.3947368421052633,-3.0,0.0791628753412193,0.46314831665150136,3.0,-0.6307550644567219,0.40515653775322286,-0.7099179397979412
dev_roll_median_500,5,9976,-0.0630349984727949,0.0630349984727949,-0.015464015721059895,-0.29307838813151565,17.538821742824876,-0.019145950280673618,3.3960505212510026,-24.75,0.512012012012012,0.4964964964964965,22.0,-0.9015518913676043,0.3763336566440349,-1.4135639033796163
dev_roll_mean_500,5,9976,-0.06224141533970493,0.06224141533970493,-0.015275187855091063,-0.056091343891823214,17.532096395137785,-0.019145950280673618,3.3960505212510026,-23.475000000000364,0.4283567134268537,0.4849699398797595,22.54650000000038,-0.7780561122244489,0.3867735470941884,-1.2064128256513027
dev_ema_500,5,9976,-0.06216415170613316,0.06216415170613316,-0.017373009520712565,-0.022460135438795176,15.39592915455615,-0.019145950280673618,3.3960505212510026,-21.132275246269273,0.4504008016032064,0.48396793587174347,20.147283905303993,-0.8106212424849699,0.3807615230460922,-1.2610220440881763
bid_depth_L2,5,9995,0.06172485871055978,0.06172485871055978,0.0631400809049704,37.17938969484742,4.20465728846739,-0.02171085542771386,3.3943971985993,32.0,-0.3062015503875969,0.43410852713178294,42.0,0.16163035839775122,0.46732255797610683,0.4678319087853481
dev_roll_mean_1000,5,9976,-0.06104195451136736,0.06104195451136736,-0.012163008981147626,0.2158334464122871,21.593764142983375,-0.019145950280673618,3.3960505212510026,-30.591999999999643,0.5145290581162325,0.5040080160320641,27.581250000000182,-0.5691382765531062,0.4088176352705411,-1.0836673346693386
past_ret_10,5,9985,-0.06070859638902684,0.06070859638902684,-0.044300285262323935,-0.03465197796695042,5.896688438167753,-0.022333500250375563,3.396594892338508,-7.5,0.6946601941747573,0.5145631067961165,7.5,-0.2195,0.429,-0.9141601941747574
past_ret_3,5,9992,-0.060534399217411335,0.060534399217411335,-0.07623172072578648,-0.010908726981585268,3.4158794627635234,-0.021917534027221776,3.3952161729383508,-4.0,0.38247282608695654,0.4938858695652174,4.0,-0.46826468602295745,0.424713031735314,-0.850737512109914
past_ret_5,5,9990,-0.05862462697090567,0.05862462697090567,-0.05869881193777349,-0.017117117117117116,4.296593311309364,-0.022222222222222223,3.3955955955955957,-5.5,0.4904306220095694,0.5052631578947369,5.0,-0.3709449929478138,0.4315937940761636,-0.8613756149573832
z_roll_mean_1000,5,9976,-0.058158738838996915,0.058158738838996915,-0.19608207866019248,0.09304000368381106,1.276197907390053,-0.019145950280673618,3.3960505212510026,-1.6067755497961258,0.6017034068136272,0.5020040080160321,1.7854054465305254,-0.6728456913827655,0.40380761523046094,-1.2745490981963927
z_roll_mean_500,5,9976,-0.05617683071519373,0.05617683071519373,-0.18538118286652586,0.03812029912480711,1.3038647231015448,-0.019145950280673618,3.3960505212510026,-1.730624030058268,0.28607214428857713,0.4749498997995992,1.6737914637155613,-0.875250501002004,0.3777555110220441,-1.1613226452905812
bid_size_2,5,9995,0.05606544247453472,0.05606544247453472,0.06864571253119307,24.805502751375688,3.5128327217654554,-0.02171085542771386,3.3943971985993,20.0,-0.5219465648854962,0.41030534351145037,29.0,0.13682432432432431,0.46283783783783783,0.6587708892098205
ask_size_1,5,9995,-0.0525500373754004,0.0525500373754004,-0.12187787174984074,12.357078539269635,1.8544870295098426,-0.02171085542771386,3.3943971985993,10.0,0.4218918918918919,0.5032432432432432,15.0,-0.15453960077269802,0.4468770122343851,-0.5764314926645899
ask_depth_L1,5,9995,-0.0525500373754004,0.0525500373754004,-0.12187787174984074,12.357078539269635,1.8544870295098426,-0.02171085542771386,3.3943971985993,10.0,0.4218918918918919,0.5032432432432432,15.0,-0.15453960077269802,0.4468770122343851,-0.5764314926645899
dev_ema_200,5,9976,-0.051577935736185916,0.051577935736185916,-0.019477736915713362,-0.11011142892667738,11.393742790023714,-0.019145950280673618,3.3960505212510026,-15.764734381248672,0.36422845691382766,0.4779559118236473,14.45305352107789,-0.6047094188376754,0.40080160320641284,-0.968937875751503
ask_size_2,5,9995,-0.05132487641410096,0.05132487641410096,-0.0618270376140015,24.766683341670834,3.570467686309039,-0.02171085542771386,3.3943971985993,20.0,0.5946828358208955,0.5055970149253731,29.0,0.0059355568117580556,0.4511023176936122,-0.5887472790091375
dev_ema_50,5,9986,-0.05101810684862841,0.05101810684862841,-0.035427663346497815,-0.0632973075314866,6.196253652177829,-0.022531544161826556,3.3964550370518727,-7.943351563527358,0.6986986986986987,0.5235235235235235,8.008901583892111,-0.2992992992992993,0.43743743743743746,-0.997997997997998
past_ret_20,5,9975,-0.048431543963129486,0.048431543963129486,-0.02591626829160213,-0.06556390977443609,8.04081241214741,-0.0187468671679198,3.3959899749373434,-10.0,0.4422583404619333,0.5089820359281437,10.0,-0.3360033726812816,0.42327150084317033,-0.7782617131432149
dev_roll_median_50,5,9986,-0.04645128168816322,0.04645128168816322,-0.0268301196859361,-0.11270779090727018,7.449419811060155,-0.022531544161826556,3.3964550370518727,-9.5,0.817,0.545,9.5,-0.2533524904214559,0.42624521072796934,-1.0703524904214559
dev_roll_mean_50,5,9986,-0.04614049503962312,0.04614049503962312,-0.027715596669039222,-0.07102138656684895,7.163171928341492,-0.022531544161826556,3.3964550370518727,-9.229999999999563,0.7746268656716417,0.536318407960199,9.3799999999992,-0.3035,0.42,-1.0781268656716416
dev_ema_100,5,9976,-0.04493097571964365,0.04493097571964365,-0.022454307239825225,-0.09771401710733965,8.609682556437331,-0.019145950280673618,3.3960505212510026,-11.489159764626493,0.4634268537074148,0.4939879759519038,10.895096984550946,-0.34018036072144286,0.42685370741482964,-0.8036072144288577
dev_roll_mean_200,5,9976,-0.04239099734787534,0.04239099734787534,-0.01322705146274048,-0.15540272206770858,13.78959595533446,-0.019145950280673618,3.3960505212510026,-18.69000000000051,0.3156312625250501,0.4819639278557114,17.6825000000008,-0.3238238238238238,0.43343343343343343,-0.6394550863488739
z_roll_mean_50,5,9986,-0.0415997820907826,0.0415997820907826,-0.13182297480979538,-0.0324682072604953,1.3578359588562716,-0.022531544161826556,3.3964550370518727,-1.7860606612689964,0.5565565565565566,0.5235235235235235,1.7479724233418543,-0.4974974974974975,0.3913913913913914,-1.054054054054054
ask_size_1_change,5,9994,-0.039715565317927436,0.039715565317927436,-0.06556703564865304,-0.0005003001801080648,2.6053889125848344,-0.021713027816690014,3.3947368421052633,-3.0,0.40852272727272726,0.48977272727272725,3.0,-0.12024221453287197,0.4538638985005767,-0.5287649418055992
dev_roll_median_200,5,9976,-0.03932257088854898,0.03932257088854898,-0.011879707680746442,-0.33096932638332,14.242200642826857,-0.019145950280673618,3.3960505212510026,-19.0,0.29796511627906974,0.47674418604651164,18.0,-0.35362453531598514,0.42193308550185876,-0.6515896515950549
z_roll_mean_200,5,9976,-0.035906488425784276,0.035906488425784276,-0.1115537488658188,-0.006741612411399407,1.384936031905277,-0.019145950280673618,3.3960505212510026,-1.8465401416094562,0.34018036072144286,0.48096192384769537,1.7981753064873887,-0.4198396793587174,0.42685370741482964,-0.7600200400801602
bid_size_1,5,9995,0.034186872949938274,0.034186872949938274,0.08032218968076112,12.373886943471735,1.8306253474488563,-0.02171085542771386,3.3943971985993,10.0,-0.15951595159515952,0.4526952695269527,15.0,-0.06346649484536082,0.45489690721649484,0.0960494567497987
bid_depth_L1,5,9995,0.034186872949938274,0.034186872949938274,0.08032218968076112,12.373886943471735,1.8306253474488563,-0.02171085542771386,3.3943971985993,10.0,-0.15951595159515952,0.4526952695269527,15.0,-0.06346649484536082,0.45489690721649484,0.0960494567497987
dev_roll_median_100,5,9976,-0.03369086997780289,0.03369086997780289,-0.01374196154691291,-0.20764835605453089,10.548833721091226,-0.019145950280673618,3.3960505212510026,-13.5,0.4294747081712062,0.4961089494163424,13.0,-0.31814079422382674,0.4214801444043321,-0.7476155023950329
ask_depth_L3,5,9995,0.03226936832572266,0.03226936832572266,0.03755923005587483,37.607003501750874,3.695297567172868,-0.02171085542771386,3.3943971985993,33.0,0.07526132404181185,0.464808362369338,42.0,0.39840255591054313,0.4881789137380192,0.3231412318687313
z_roll_mean_100,5,9976,-0.03211045497100269,0.03211045497100269,-0.10028380959936924,-0.02910160418819159,1.3777061131469959,-0.019145950280673618,3.3960505212510026,-1.8313715576458287,0.4188376753507014,0.4879759519038076,1.7718483001991587,-0.312625250501002,0.4258517034068136,-0.7314629258517034
dev_roll_mean_100,5,9976,-0.032035203525022496,0.032035203525022496,-0.013558911021028852,-0.11141399186248836,10.1658483495612,-0.019145950280673618,3.3960505212510026,-13.100000000000364,0.38073852295409183,0.4880239520958084,12.909999999999854,-0.24924924924924924,0.4314314314314314,-0.6299877722033411
ask_gap_23,5,192,-0.025834342534730173,0.025834342534730173,-0.23148148148148176,2.4375,0.49737530995504753,3.5885416666666665,4.65625,2.0,3.689814814814815,0.8055555555555556,3.0,3.4583333333333335,0.7619047619047619,-0.2314814814814814
bid_depth_L3,5,9995,-0.024709624677587916,0.024709624677587916,-0.028930498815038272,37.58609304652326,3.6735491927493777,-0.02171085542771386,3.3943971985993,33.0,0.19729542302357836,0.4736477115117892,42.0,-0.14391979301423027,0.4424320827943079,-0.34121521603780863
bid_size_1_change,5,9994,0.022487672373140487,0.022487672373140487,0.037451303367169,-0.0005003001801080648,2.582705753305169,-0.021713027816690014,3.3947368421052633,-3.0,-0.16580903373356204,0.44139508290451684,3.0,0.004924681344148319,0.4646581691772885,0.17073371507771035
spread,5,9995,-0.020835319970115614,0.020835319970115614,-0.05923505034925484,15.700850425212606,1.512854095293646,-0.02171085542771386,3.3943971985993,16.0,-0.012733703890853966,0.45699848408287014,16.0,-0.020857658422672752,0.45398577645685173,-0.008123954531818786
half_spread,5,9995,-0.020835319970115614,0.020835319970115614,-0.11847010069850968,7.850425212606303,0.756427047646823,-0.02171085542771386,3.3943971985993,8.0,-0.012733703890853966,0.45699848408287014,8.0,-0.020857658422672752,0.45398577645685173,-0.008123954531818786
past_ret_50,5,9945,-0.018770996306380485,0.018770996306380485,-0.006449113993682805,-0.11608848667672197,12.531872984153747,-0.01860231271995978,3.3987933634992458,-16.0,0.31697247706422016,0.4889908256880734,16.0,-0.13611859838274934,0.44384546271338726,-0.45309107544696947
spread_change,5,9994,-0.0168031157337317,0.0168031157337317,-0.03387408775169261,0.0,2.133632271660107,-0.021713027816690014,3.3947368421052633,0.0,0.00032071840923669016,0.4587342313448792,0.0,-0.021539283805451632,0.45440940673436664,-0.021860002214688323
roll_vol_ret1_100,5,9975,-0.012236416734665098,0.012236416734665098,-0.2737840902751555,2.1838179963616184,0.19230480470685477,-0.0187468671679198,3.3959899749373434,1.9332131623670732,0.27054108216432865,0.48697394789579157,2.4397176500441744,-0.3246492985971944,0.41282565130260523,-0.5951903807615231
roll_vol_ret1_20,5,9991,0.011911613101926153,0.011911613101926153,0.11855255499665895,2.1664358501643775,0.4322312798143783,-0.022019817836052447,3.395455910319287,1.654340383737023,0.2975,0.501,2.746289362605094,0.296,0.453,-0.0015000000000000013
roll_vol_ret1_1000,5,9975,-0.01174733726202602,0.01174733726202602,-1.0443843918300681,2.1874966286441,0.04839752445827731,-0.0187468671679198,3.3959899749373434,2.134704842524215,0.29158316633266534,0.5040080160320641,2.2493678785467104,0.08316633266533066,0.44488977955911824,-0.20841683366733468
total_depth_L1,5,9995,-0.009906335514888724,0.009906335514888724,-0.012104578458958617,24.73096548274137,3.5199702744126697,-0.02171085542771386,3.3943971985993,20.0,0.11038961038961038,0.479978354978355,30.0,-0.11281883584041857,0.45062132112491826,-0.22320844623002895
roll_vol_ret1_50,5,9985,0.009750526266648834,0.009750526266648834,0.15415283213087683,2.1806841527066663,0.27217050620730854,-0.022333500250375563,3.396594892338508,1.844572844750747,0.00950950950950951,0.47047047047047047,2.5223733531733092,-0.14414414414414414,0.43343343343343343,-0.15365365365365366
roll_vol_ret1_500,5,9975,-0.007600462080621371,0.007600462080621371,-0.43503283599301773,2.1855689079056595,0.07517302753927096,-0.0187468671679198,3.3959899749373434,2.0840114698181,0.19488977955911824,0.4909819639278557,2.2742371707529614,-0.05460921843687375,0.437875751503006,-0.24949899799599198
total_depth_L3,5,9995,0.003934900040874264,0.003934900040874264,0.0023388985916998417,75.19309654827414,7.2359897799154,-0.02171085542771386,3.3943971985993,66.0,0.13045007032348804,0.4676511954992968,84.0,0.12248213125406107,0.46523716699155293,-0.007967939069426971
total_depth_L2,5,9995,-0.00272162884993123,0.00272162884993123,-0.0015045405376375818,74.3031515757879,7.7803769594998045,-0.02171085542771386,3.3943971985993,64.0,0.22851063829787235,0.48425531914893616,84.0,0.09540889526542325,0.4612625538020086,-0.1331017430324491
roll_vol_ret1_200,5,9975,0.001052684594020911,0.001052684594020911,0.033369502485853166,2.1847886223330244,0.13573524111611265,-0.0187468671679198,3.3959899749373434,1.9991028138182865,0.014028056112224449,0.46993987975951906,2.3505714049010593,-0.3191382765531062,0.40981963927855714,-0.3331663326653307
roll_vol_ret1_10,5,9992,-0.0004915067478648994,0.0004915067478648994,-0.0034603860349539934,2.1383746071335277,0.6109996444178345,-0.021917534027221776,3.3952161729383508,1.4298407059684743,0.093,0.482,2.9514591494904883,0.083,0.466,-0.009999999999999995
bid_gap_23,10,162,0.1826803400878523,0.1826803400878523,2.2083268843832227,2.4382716049382718,0.4977135051673599,-3.5925925925925926,5.561728395061729,2.0,-4.56043956043956,0.1978021978021978,3.0,-2.352112676056338,0.352112676056338,2.208326884383222
book_wap_edge_L3,10,9990,0.11678242095011492,0.11678242095011492,1.0018519865459505,0.018719027846721595,0.6876530388822122,-0.03933933933933934,4.661261261261261,-0.35365853658549895,-0.6573426573426573,0.42657342657342656,0.35365853658549895,0.5812619502868069,0.5095602294455067,1.2386046076294641
imbalance_L2,10,9990,0.11650874729902706,0.11650874729902706,11.322753276360618,0.0009570622302020301,0.060701852455583336,-0.03933933933933934,4.661261261261261,0.0,-0.11436007348438457,0.4618289446825883,0.0,0.019230769230769232,0.4700854700854701,0.1335908427151538
z_global_mean,10,9990,-0.11413898378670805,0.11413898378670805,-0.6734276009017626,0.0011129932051451808,0.9998585056045789,-0.03933933933933934,4.661261261261261,-1.3803539920232795,1.2524950099800398,0.5469061876247505,1.3438652467983165,-1.2659362549800797,0.36852589641434264,-2.5184312649601193
dev_global_mean,10,9990,-0.11413898378670802,0.11413898378670802,-0.026587890236667428,0.028190290289644187,25.324774123744447,-0.03933933933933934,4.661261261261261,-34.962100000000646,1.2524950099800398,0.5469061876247505,34.037899999999354,-1.2659362549800797,0.36852589641434264,-2.5184312649601193
imbalance_L1,10,9990,0.11177760102592824,0.11177760102592824,11.25551271928054,0.0008627060350037871,0.058584800800256534,-0.03933933933933934,4.661261261261261,0.0,-0.11179110567115463,0.46195430436556506,0.0,0.017746364283535036,0.47004983219770163,0.12953746995468968
imbalance_L3,10,9990,-0.11148418111120598,0.11148418111120598,-38.81648093087551,-0.000255406121008739,0.016943087130029535,-0.03933933933933934,4.661261261261261,0.0,0.019230769230769232,0.4700854700854701,0.0,-0.11436007348438457,0.4618289446825883,-0.1335908427151538
micro_edge_L1,10,9990,0.11033665519807881,0.11033665519807881,2.8164311405900597,0.000933343054214322,0.23110861396029547,-0.03933933933933934,4.661261261261261,0.0,-0.11179110567115463,0.46195430436556506,0.0,0.017746364283535036,0.47004983219770163,0.12953746995468968
book_wap_edge_L2,10,9990,0.10386447052550274,0.10386447052550274,1.3386975164312735,0.012423701135245225,0.4576990489034213,-0.03933933933933934,4.661261261261261,-0.35365853658549895,-0.6573426573426573,0.42657342657342656,0.35365853658549895,0.5812619502868069,0.5095602294455067,1.2386046076294641
ask_size_3,10,9990,0.08887647423350481,0.08887647423350481,0.15058460650283595,0.48348348348348347,3.48178295867303,-0.03933933933933934,4.661261261261261,0.0,-0.11436007348438457,0.4618289446825883,0.0,-0.03933933933933934,0.46676676676676676,0.07502073414504523
dev_roll_median_1000,10,9971,-0.08756749998724574,0.08756749998724574,-0.024198416034028298,0.3512436064587303,21.347905721499007,-0.03259452411994785,4.660716076622204,-29.5,0.9560439560439561,0.5134865134865135,27.0,-1.300090661831369,0.3626473254759746,-2.256134617875325
ask_gap_12,10,9990,0.08638344120870717,0.08638344120870717,0.5248136679947437,2.6164164164164165,0.9710035548156258,-0.03933933933933934,4.661261261261261,2.0,-0.21418367346938774,0.4506122448979592,3.0,0.12897838899803538,0.4823182711198428,0.3431620624674231
dev_ema_1000,10,9971,-0.08558156250534635,0.08558156250534635,-0.026704448846514114,0.11297781773764141,18.905834712069666,-0.03259452411994785,4.660716076622204,-26.061765765884047,1.252004008016032,0.5380761523046093,25.710863734886516,-0.9749498997995992,0.3877755511022044,-2.226953907815631
dev_roll_median_500,10,9971,-0.08436576529238456,0.08436576529238456,-0.028413590596717442,-0.27136194965399657,17.51617986782387,-0.03259452411994785,4.660716076622204,-24.5,1.004995004995005,0.5254745254745254,22.0,-1.5354025218234724,0.3569350145489816,-2.5403975268184773
dev_roll_mean_500,10,9971,-0.08271670393837871,0.08271670393837871,-0.02786306784630604,-0.03591146792346082,17.513121164837532,-0.03259452411994785,4.660716076622204,-23.424000000000888,0.9038076152304609,0.5090180360721442,22.549000000000888,-1.2945891783567134,0.3727454909819639,-2.1983967935871744
dev_roll_mean_1000,10,9971,-0.08195095362998223,0.08195095362998223,-0.02239559553860081,0.23201829920860267,21.586918921452515,-0.03259452411994785,4.660716076622204,-30.568499999999403,0.8366733466933868,0.5070140280561122,27.582000000000335,-1.0816633266533067,0.3807615230460922,-1.9183366733466936
dev_ema_500,10,9971,-0.0810861348279129,0.0810861348279129,-0.031096485564833822,-0.006353926305247377,15.382770276054773,-0.03259452411994785,4.660716076622204,-21.075085212363774,0.9634268537074149,0.5080160320641283,20.14729158593218,-1.2690380761523046,0.36773547094188375,-2.2324649298597192
dev_roll_median_20,10,9987,-0.08022591415556014,0.08022591415556014,-0.09938186188767936,-0.0435566236106939,4.762731605303279,-0.03985180734955442,4.661960548713328,-6.0,1.1618049225159526,0.5387420237010028,6.0,-0.5261437908496732,0.450046685340803,-1.6879487133656257
bid_gap_12,10,9990,-0.07979443687902948,0.07979443687902948,-0.5801272154192952,2.577977977977978,0.811418360185599,-0.03933933933933934,4.661261261261261,2.0,0.1837908760597497,0.4814291481631005,3.0,-0.25883637807783955,0.4523431294678316,-0.44262725413758924
z_roll_mean_1000,10,9971,-0.07803806528055586,0.07803806528055586,-0.36085702359781857,0.09401597571472507,1.275764741913512,-0.03259452411994785,4.660716076622204,-1.6063600929006312,1.2264529058116231,0.5270541082164328,1.7854984923714436,-1.0521042084168337,0.39879759519038077,-2.278557114228457
dev_ema_10,10,9988,-0.07779992369540188,0.07779992369540188,-0.17033358621396608,-0.01407592845985785,2.6946742688805516,-0.039947937525030036,4.661593912695234,-3.414298094125479,1.0745745745745745,0.5275275275275275,3.405988342721867,-0.6351351351351351,0.43743743743743746,-1.7097097097097096
bid_size_3,10,9990,-0.07513957166018935,0.07513957166018935,-0.13882246414711508,0.4069069069069069,3.1930404633331646,-0.03933933933933934,4.661261261261261,0.0,0.019230769230769232,0.4700854700854701,0.0,-0.03933933933933934,0.46676676676676676,-0.058570108570108574
z_roll_mean_500,10,9971,-0.07491749911027634,0.07491749911027634,-0.3392016428590244,0.03939482276164758,1.3029405148687492,-0.03259452411994785,4.660716076622204,-1.7285521659951268,0.6492985971943888,0.48296593186372744,1.6739362844595473,-1.4624248496993988,0.3717434869739479,-2.1117234468937873
dev_roll_mean_10,10,9988,-0.07397036725734535,0.07397036725734535,-0.13621899065797716,-0.015079563730446806,3.2036680604329977,-0.039947937525030036,4.661593912695234,-4.049999999999272,1.1737623762376237,0.5326732673267327,4.049999999999272,-0.42467789890981167,0.4519326065411298,-1.5984402751474354
z_roll_mean_10,10,9988,-0.07357004471272673,0.07357004471272673,-0.37257402000917883,-0.0013937626160513562,1.164972964157807,-0.039947937525030036,4.661593912695234,-1.5504668463010047,0.8063063063063063,0.5215215215215215,1.5481768552374606,-0.7302302302302303,0.43243243243243246,-1.5365365365365364
dev_roll_median_10,10,9988,-0.07232042398540753,0.07232042398540753,-0.12685991820066142,-0.02345314377252703,3.3632870186095536,-0.039947937525030036,4.661593912695234,-4.0,0.9375503626107977,0.5253827558420628,4.0,-0.5508885298869144,0.45476575121163165,-1.488438892497712
dev_roll_mean_20,10,9987,-0.07189254916601959,0.07189254916601959,-0.09311118447793136,-0.03068615645746318,4.555442764459044,-0.03985180734955442,4.661960548713328,-5.850000000000364,0.9346959122632104,0.522432701894317,5.710000000000573,-0.5540540540540541,0.4344344344344344,-1.4887499663172643
z_roll_mean_20,10,9987,-0.07023875975031883,0.07023875975031883,-0.32699898051920795,-0.007978987004222105,1.2672987264252649,-0.03985180734955442,4.661960548713328,-1.6870041029168907,1.033033033033033,0.5545545545545546,1.6692642597232337,-0.6506506506506506,0.4544544544544545,-1.6836836836836837
past_ret_10,10,9980,-0.06968741309610253,0.06968741309610253,-0.06972470956763768,-0.03466933867735471,5.898063535021846,-0.03917835671342686,4.66312625250501,-7.5,1.0655339805825244,0.5300970873786408,7.5,-0.2945,0.464,-1.3600339805825243
dev_ema_20,10,9987,-0.0692375758400489,0.0692375758400489,-0.10473218731800876,-0.027739907660536894,3.900409834399304,-0.03985180734955442,4.661960548713328,-4.996110651856725,1.1411411411411412,0.5455455455455456,4.937300066877287,-0.3813813813813814,0.4494494494494494,-1.5225225225225225
mid_change,10,9989,-0.06573014932291077,0.06573014932291077,-0.17701394206333118,-0.0030033036339973973,2.190627674804791,-0.03964360796876564,4.66142757032736,-3.0,0.6518254674977738,0.5084594835262689,3.0,-0.6762589928057554,0.4226618705035971,-1.3280844603035291
past_ret_1,10,9989,-0.06573014932291077,0.06573014932291077,-0.17701394206333118,-0.0030033036339973973,2.190627674804791,-0.03964360796876564,4.66142757032736,-3.0,0.6518254674977738,0.5084594835262689,3.0,-0.6762589928057554,0.4226618705035971,-1.3280844603035291
ask_change,10,9989,-0.06338179253017795,0.06338179253017795,-0.14832843887854877,-0.0030033036339973973,2.5208761909727646,-0.03964360796876564,4.66142757032736,-3.0,0.7833333333333333,0.5162162162162162,3.0,-0.38817598533455544,0.4427131072410632,-1.1715093186678889
past_ret_2,10,9988,-0.06327963380675586,0.06327963380675586,-0.129805251502094,-0.0062074489387264715,2.8760675944885348,-0.039947937525030036,4.661593912695234,-4.0,0.6142322097378277,0.5046816479400749,4.0,-0.5747126436781609,0.4396551724137931,-1.1889448534159885
dev_ema_200,10,9971,-0.06191635952736378,0.06191635952736378,-0.032081733955203945,-0.09891254534556855,11.385362026528293,-0.03259452411994785,4.660716076622204,-15.741657118875082,0.7074148296593187,0.4939879759519038,14.454183654910594,-0.9834669338677354,0.40380761523046094,-1.690881763527054
past_ret_3,10,9987,-0.06073249646508583,0.06073249646508583,-0.10494727278671018,-0.00971262641433864,3.4142753219222413,-0.03985180734955442,4.661960548713328,-4.0,0.5156462585034014,0.4897959183673469,4.0,-0.47364864864864864,0.44256756756756754,-0.98929490715205
past_ret_5,10,9985,-0.06051558334879756,0.06051558334879756,-0.08311419443590133,-0.01702553830746119,4.296189259482645,-0.039959939909864794,4.66279419128693,-5.5,0.7629310344827587,0.5134099616858238,5.0,-0.3965395480225989,0.4533898305084746,-1.1594705825053575
bid_change,10,9989,-0.05456572115308819,0.05456572115308819,-0.1370103317750269,-0.0030033036339973973,2.34951383234642,-0.03964360796876564,4.66142757032736,-3.0,0.23357664233576642,0.48083941605839414,3.0,-0.7889400921658987,0.41751152073732717,-1.022516734501665
dev_roll_mean_200,10,9971,-0.051357339620651525,0.051357339620651525,-0.021981712038792706,-0.1436749127818135,13.782889318140404,-0.03259452411994785,4.660716076622204,-18.665000000000873,0.7214428857715431,0.503006012024048,17.6825000000008,-0.7502502502502503,0.42242242242242245,-1.4716931360217935
ask_depth_L2,10,9990,-0.05038007418510629,0.05038007418510629,-0.0689941776187285,37.123523523523524,4.307663956582073,-0.03933933933933934,4.661261261261261,32.0,0.7504734848484849,0.5227272727272727,42.0,0.060113154172560114,0.4738330975954738,-0.6903603306759247
dev_ema_50,10,9981,-0.04985695410350705,0.04985695410350705,-0.04749578944324163,-0.05921551227676804,6.194709733884388,-0.03987576395150787,4.663360384730989,-7.940611344285571,1.1046046046046045,0.5375375375375375,8.009445068837522,-0.3988988988988989,0.43843843843843844,-1.5035035035035034
dev_roll_median_200,10,9971,-0.047555680807195126,0.047555680807195126,-0.01971163844786757,-0.31729515595226154,14.232426281862187,-0.03259452411994785,4.660716076622204,-19.0,0.7336903602726388,0.5092502434274586,18.0,-0.5752788104089219,0.43308550185873607,-1.3089691706815607
dev_ema_100,10,9971,-0.04731450369205873,0.04731450369205873,-0.032434643680350095,-0.09060180929846966,8.605664723469864,-0.03259452411994785,4.660716076622204,-11.447139539870477,0.9243486973947895,0.5180360721442886,10.903808900739023,-0.6477955911823647,0.42384769539078154,-1.5721442885771544
past_ret_20,10,9970,-0.043664456055723305,0.043664456055723305,-0.032045280151749865,-0.05982948846539619,8.03839942734928,-0.0320962888665998,4.660682046138415,-10.0,0.6659519725557461,0.5077186963979416,10.0,-0.3022765598650928,0.4451939291736931,-0.9682285324208388
dev_roll_median_50,10,9981,-0.04365055286307362,0.04365055286307362,-0.03458963566539044,-0.1075042580903717,7.447218401318763,-0.03987576395150787,4.663360384730989,-9.25,1.092814371257485,0.5538922155688623,9.5,-0.17097701149425287,0.4444444444444444,-1.2637913827517377
dev_roll_mean_50,10,9981,-0.0435218254081299,0.0435218254081299,-0.035861260876534844,-0.06667363653507201,7.161959758343127,-0.03987576395150787,4.663360384730989,-9.229999999999563,1.0888223552894212,0.5469061876247505,9.3799999999992,-0.391,0.43,-1.4798223552894212
bid_depth_L2,10,9990,0.04280454634014834,0.04280454634014834,0.06004585915435625,37.17917917917918,4.205351400938194,-0.03933933933933934,4.661261261261261,32.0,-0.3541666666666667,0.45445736434108525,42.0,0.1680731364275668,0.48171589310829815,0.5222398030942335
ask_size_2,10,9990,-0.04268123140646565,0.04268123140646565,-0.07050604598958994,24.766566566566567,3.571133099465607,-0.03933933933933934,4.661261261261261,20.0,0.5158582089552238,0.5121268656716418,29.0,-0.08140192198982477,0.46466930469191636,-0.5972601309450486
z_roll_mean_50,10,9981,-0.04104818457568377,0.04104818457568377,-0.17841501067987198,-0.03173382678656417,1.3577283722094113,-0.03987576395150787,4.663360384730989,-1.784789952750694,0.8693693693693694,0.5375375375375375,1.74810388080114,-0.549049049049049,0.42842842842842843,-1.4184184184184185
z_roll_mean_200,10,9971,-0.0386996077092516,0.0386996077092516,-0.1649170668459054,-0.00560323655051335,1.3843318944710703,-0.03259452411994785,4.660716076622204,-1.8432195183922173,0.5190380761523046,0.48697394789579157,1.7990543147798397,-0.8216432865731463,0.4198396793587174,-1.340681362725451
bid_size_2,10,9990,0.034969138065073714,0.034969138065073714,0.058714146967056714,24.805405405405406,3.513481153444256,-0.03933933933933934,4.661261261261261,20.0,-0.5854007633587787,0.44274809160305345,29.0,0.03322072072072072,0.47128378378378377,0.6186214840794994
ask_size_1,10,9990,-0.03483259333658546,0.03483259333658546,-0.11079854989642085,12.356956956956957,1.8545869057553621,-0.03933933933933934,4.661261261261261,10.0,0.36262844780962683,0.494862087614927,15.0,-0.008698453608247423,0.46262886597938147,-0.3713269014178743
ask_depth_L1,10,9990,-0.03483259333658546,0.03483259333658546,-0.11079854989642085,12.356956956956957,1.8545869057553621,-0.03933933933933934,4.661261261261261,10.0,0.36262844780962683,0.494862087614927,15.0,-0.008698453608247423,0.46262886597938147,-0.3713269014178743
dev_roll_median_100,10,9971,-0.03366518640989215,0.03366518640989215,-0.018831431179093066,-0.20043125062681777,10.546223247633677,-0.03259452411994785,4.660716076622204,-13.5,0.8214634146341463,0.5180487804878049,13.0,-0.4950361010830325,0.4368231046931408,-1.3164995157171788
dev_roll_mean_100,10,9971,-0.03130793969157076,0.03130793969157076,-0.01817593859174856,-0.10318232703040672,10.161478582458333,-0.03259452411994785,4.660716076622204,-13.100000000000364,0.7865731462925851,0.5150300601202404,12.909999999999854,-0.47297297297297297,0.44644644644644643,-1.2595461192655582
bid_size_1,10,9990,0.031214434354191793,0.031214434354191793,0.1005842651339831,12.373773773773774,1.8307155825992418,-0.03933933933933934,4.661261261261261,10.0,-0.25288937809576223,0.45294441386901485,15.0,0.06350741457124436,0.4700193423597679,0.3163967926670066
bid_depth_L1,10,9990,0.031214434354191793,0.031214434354191793,0.1005842651339831,12.373773773773774,1.8307155825992418,-0.03933933933933934,4.661261261261261,10.0,-0.25288937809576223,0.45294441386901485,15.0,0.06350741457124436,0.4700193423597679,0.3163967926670066
roll_vol_ret1_20,10,9986,0.026609937057692417,0.026609937057692417,0.3631602588125436,2.1663739098355426,0.4323297918495425,-0.0399559383136391,4.662327258161426,1.654340383737023,0.323,0.497,2.7462893626050975,0.7317317317317318,0.4944944944944945,0.4087317317317318
z_roll_mean_100,10,9971,-0.025943902730806736,0.025943902730806736,-0.11110436419640184,-0.028274185685835077,1.37753757302124,-0.03259452411994785,4.660716076622204,-1.8303161880031882,0.6833667334669339,0.5060120240480962,1.772442756045726,-0.35420841683366733,0.4438877755511022,-1.0375751503006012
ask_depth_L3,10,9990,0.025008791759291285,0.025008791759291285,0.0399187149190849,37.607007007007006,3.6958268358449313,-0.03933933933933934,4.661261261261261,33.0,-0.020209059233449476,0.4696864111498258,42.0,0.409846547314578,0.49744245524296676,0.43005560654802744
ask_size_1_change,10,9989,-0.02487577024041273,0.02487577024041273,-0.05632312801805268,-0.0004004404845329863,2.6055607027499215,-0.03964360796876564,4.66142757032736,-3.0,0.21875,0.4738636363636364,3.0,-0.21061742642815925,0.4512406231967686,-0.4293674264281593
bid_size_1_change,10,9989,0.022480413993282374,0.022480413993282374,0.051346822965144534,-0.0004004404845329863,2.582867647822321,-0.03964360796876564,4.66142757032736,-3.0,-0.3873642081189251,0.4351057747284162,3.0,-0.08637681159420289,0.4602898550724638,0.3009873965247222
spread,10,9990,-0.021594974747590204,0.021594974747590204,-0.08418732211879601,15.7007007007007,1.5132178695291165,-0.03933933933933934,4.661261261261261,16.0,-0.025884732052578362,0.4678463094034378,16.0,-0.045932455395072215,0.4649532710280374,-0.020047723342493853
half_spread,10,9990,-0.021594974747590204,0.021594974747590204,-0.16837464423759202,7.85035035035035,0.7566089347645583,-0.03933933933933934,4.661261261261261,8.0,-0.025884732052578362,0.4678463094034378,8.0,-0.045932455395072215,0.4649532710280374,-0.020047723342493853
roll_vol_ret1_100,10,9970,-0.019667838605343636,0.019667838605343636,-0.6036477738197228,2.18365272230887,0.1922111748462185,-0.0320962888665998,4.660682046138415,1.9331687468398735,0.45787362086258776,0.506519558676028,2.4390841134560897,-0.7783350050150452,0.38515546639919757,-1.2362086258776328
past_ret_50,10,9940,-0.01931045548896239,0.01931045548896239,-0.009099719987789976,-0.10819919517102616,12.52975282607132,-0.03108651911468813,4.664989939637827,-16.0,0.4416360294117647,0.49816176470588236,16.0,-0.1693620844564241,0.4573225516621743,-0.6109981138681888
bid_depth_L3,10,9990,-0.016307670485726757,0.016307670485726757,-0.02618423428834494,37.586086086086084,3.6740706677192714,-0.03933933933933934,4.661261261261261,33.0,0.10090152565880721,0.4764216366158114,42.0,-0.12459546925566344,0.4647249190938511,-0.22549699491447064
spread_change,10,9989,-0.014794880695741622,0.014794880695741622,-0.040897300624285586,0.0,2.1341662537671384,-0.03964360796876564,4.66142757032736,0.0,-0.015830570114450743,0.4678575248689699,0.0,-0.044759358288770056,0.46524064171123,-0.028928788174319313
roll_vol_ret1_1000,10,9970,-0.012985836256440347,0.012985836256440347,-1.5829703484582702,2.1874701998963015,0.04839525062105142,-0.0320962888665998,4.660682046138415,2.1346980901138917,0.564128256513026,0.5040080160320641,2.249412669418072,0.11133400200601805,0.4593781344032096,-0.45279425450700794
roll_vol_ret1_50,10,9980,0.012120491287530462,0.012120491287530462,0.2627320880347514,2.180673528676019,0.27223811167453194,-0.03917835671342686,4.66312625250501,1.8445175169698789,-0.011523046092184368,0.46893787575150303,2.522486624970279,-0.4123246492985972,0.41382765531062127,-0.40080160320641284
roll_vol_ret1_500,10,9970,-0.010600962663272075,0.010600962663272075,-0.8317865899790603,2.185548528427977,0.07518634813680991,-0.0320962888665998,4.660682046138415,2.0839795443856266,0.4057171514543631,0.5045135406218656,2.2742569091854956,-0.018036072144288578,0.44589178356713427,-0.4237532235986517
ask_gap_23,10,192,0.0101305904432048,0.0101305904432048,0.12103174603174603,2.4375,0.49737530995504753,3.7890625,5.6640625,2.0,3.736111111111111,0.7222222222222222,3.0,3.857142857142857,0.7142857142857143,0.12103174603174605
total_depth_L2,10,9990,-0.004756415631168417,0.004756415631168417,-0.0036058638173980793,74.3027027027027,7.781546788406845,-0.03933933933933934,4.661261261261261,64.0,0.23404255319148937,0.4902127659574468,84.0,0.09834888729361091,0.4752333094041637,-0.13569366589787846
total_depth_L3,10,9990,0.004492560808979528,0.004492560808979528,0.003662109145032686,75.1930930930931,7.2369927326574075,-0.03933933933933934,4.661261261261261,66.0,0.026722925457102673,0.47257383966244726,84.0,0.14791937581274384,0.4811443433029909,0.12119645035564117
roll_vol_ret1_10,10,9987,0.002773313998502766,0.002773313998502766,0.02677799495928699,2.1381179631413323,0.6110398734096879,-0.03985180734955442,4.661960548713328,1.4298407059684741,0.3958958958958959,0.5245245245245245,2.9522118328055815,0.25875875875875876,0.47847847847847846,-0.13713713713713716
total_depth_L1,10,9990,-0.0021179376765192177,0.0021179376765192177,-0.0035494046367626304,24.73073073073073,3.520084752231933,-0.03933933933933934,4.661261261261261,20.0,0.06145100162425555,0.4748240389821332,30.0,0.03206806282722513,0.46596858638743455,-0.029382938797030418
roll_vol_ret1_200,10,9970,0.0013586602779511766,0.0013586602779511766,0.05911349144263451,2.184632979248091,0.13559068920546918,-0.0320962888665998,4.660682046138415,1.9990600778570928,0.07973921765295888,0.4754262788365095,2.3503009536439685,-0.6143430290872618,0.399197592778335,-0.6940822467402207
bid_gap_23,20,162,0.15818862996033373,0.15818862996033373,2.571041634421916,2.4382716049382718,0.4977135051673599,-3.5709876543209877,7.182098765432099,2.0,-4.697802197802198,0.24175824175824176,3.0,-2.1267605633802815,0.4647887323943662,2.5710416344219165
z_global_mean,20,9980,-0.1560947211861844,0.1560947211861844,-1.2562514409524483,0.002042282228616936,0.9999234535926382,-0.07384769539078156,6.453707414829659,-1.3803539920232795,2.500499001996008,0.5778443113772455,1.3438652467983165,-2.3844621513944224,0.3466135458167331,-4.88496115339043
dev_global_mean,20,9980,-0.15609472118618434,0.15609472118618434,-0.04959861368463784,0.05172765530997514,25.326419149633786,-0.07384769539078156,6.453707414829659,-34.962100000000646,2.500499001996008,0.5778443113772455,34.037899999999354,-2.3844621513944224,0.3466135458167331,-4.88496115339043
dev_roll_median_1000,20,9961,-0.11598866910570457,0.11598866910570457,-0.043773235429132425,0.38623130207810463,21.32988647744923,-0.06254392129304287,6.454572834052806,-29.0,1.600095785440613,0.5383141762452107,27.0,-2.1242067089755214,0.3372620126926564,-3.7243024944161345
dev_ema_1000,20,9961,-0.11195653965291293,0.11195653965291293,-0.04772883860134358,0.14838346154071927,18.88209711454857,-0.06254392129304287,6.454572834052806,-26.015822887324248,2.109829488465396,0.5697091273821464,25.7199687091761,-1.7562688064192578,0.35807422266800404,-3.8660982948846536
dev_roll_median_500,20,9961,-0.1106930999017268,0.1106930999017268,-0.05100127188831411,-0.22796405983335005,17.471137021568428,-0.06254392129304287,6.454572834052806,-24.25,1.9954864593781345,0.5586760280842528,22.0,-2.6532492725509216,0.31328806983511154,-4.648735731929056
dev_roll_mean_1000,20,9961,-0.10797538606402177,0.10797538606402177,-0.04028982842915369,0.26465043282893047,21.573021403687974,-0.06254392129304287,6.454572834052806,-30.51050000000032,1.6038114343029086,0.5315947843530592,27.58350000000064,-2.005516549648947,0.3510531594784353,-3.6093279839518555
dev_roll_mean_500,20,9961,-0.10734886719089887,0.10734886719089887,-0.049452041727209364,0.004977989492538082,17.474101967630077,-0.06254392129304287,6.454572834052806,-23.334000000000742,1.7743229689067201,0.5426278836509528,22.549999999999272,-2.3665997993981946,0.3350050150451354,-4.140922768304915
dev_ema_500,20,9961,-0.102804318393722,0.102804318393722,-0.053895346025423466,0.0267704073721431,15.354713598031568,-0.06254392129304287,6.454572834052806,-21.02352463102943,1.734704112337011,0.5325977933801405,20.154305044108696,-2.1484453360080242,0.3370110330992979,-3.8831494483450353
z_roll_mean_1000,20,9961,-0.10213884082815164,0.10213884082815164,-0.6449308513340453,0.09600496868418436,1.2748509118469773,-0.06254392129304287,6.454572834052806,-1.6025317062645394,2.300902708124373,0.5787362086258776,1.7858420796060073,-1.7256770310932799,0.38415245737211634,-4.026579739217653
z_roll_mean_500,20,9961,-0.09910989132680588,0.09910989132680588,-0.6133366109937864,0.04210680954533493,1.3007676801846322,-0.06254392129304287,6.454572834052806,-1.7242103392597279,1.4473420260782348,0.5285857572718154,1.6745979947657506,-2.199097291875627,0.3430290872617854,-3.6464393179538614
book_wap_edge_L3,20,9980,0.08906159980211825,0.08906159980211825,1.041851675330515,0.018675362174322245,0.6879228089045811,-0.07384769539078156,6.453707414829659,-0.35365853658549895,-0.7567432567432567,0.4405594405594406,0.35365853658549895,0.9105263157894737,0.5186602870813397,1.6672695725327304
imbalance_L2,20,9980,0.08797138925087411,0.08797138925087411,11.656741781239203,0.0009580212103926135,0.06073225207252388,-0.07384769539078156,6.453707414829659,0.0,-0.15304454434000817,0.46495709031467103,0.0,-0.016143817478101445,0.47097168466082706,0.1369007268619067
imbalance_L3,20,9980,-0.08477956566117192,0.08477956566117192,-40.24725903491728,-0.0002556620389656616,0.01695157244547134,-0.07384769539078156,6.453707414829659,0.0,-0.016143817478101445,0.47097168466082706,0.0,-0.15304454434000817,0.46495709031467103,-0.1369007268619067
imbalance_L1,20,9980,0.0800914945558623,0.0800914945558623,10.996110715212446,0.0008635704699086004,0.05861414112531804,-0.07384769539078156,6.453707414829659,0.0,-0.14840718807433123,0.46518276495813765,0.0,-0.017560826631375342,0.4710373612949201,0.1308463614429559
book_wap_edge_L2,20,9980,0.07950839752830367,0.07950839752830367,1.3975831879530227,0.012373727520249206,0.4578154495140601,-0.07384769539078156,6.453707414829659,-0.35365853658549895,-0.7567432567432567,0.4405594405594406,0.35365853658549895,0.9105263157894737,0.5186602870813397,1.6672695725327304
micro_edge_L1,20,9980,0.07914954725235983,0.07914954725235983,2.754672173212083,0.0009342782676954987,0.2312243805566347,-0.07384769539078156,6.453707414829659,0.0,-0.14840718807433123,0.46518276495813765,0.0,-0.017560826631375342,0.4710373612949201,0.1308463614429559
ask_size_3,20,9980,0.06957914388386477,0.06957914388386477,0.1607382359573108,0.48396793587174347,3.4834934207545265,-0.07384769539078156,6.453707414829659,0.0,-0.15304454434000817,0.46495709031467103,0.0,-0.07384769539078156,0.4688376753507014,0.0791968489492266
ask_gap_12,20,9980,0.06931964110904106,0.06931964110904106,0.5742863669039882,2.616432865731463,0.9713660278794252,-0.07384769539078156,6.453707414829659,2.0,-0.2917687908496732,0.4579248366013072,3.0,0.136014948859166,0.47934697088906375,0.4277837397088392
dev_ema_200,20,9961,-0.06891831805132342,0.06891831805132342,-0.04881218054194692,-0.07487225216946719,11.365488002126659,-0.06254392129304287,6.454572834052806,-15.71845904618931,1.1529588766298897,0.5005015045135406,14.454892303236193,-1.3009027081243731,0.4092276830491474,-2.4538615847542626
bid_gap_12,20,9980,-0.05899655542670651,0.05899655542670651,-0.5849371045696544,2.5781563126252505,0.811657107936007,-0.07384769539078156,6.453707414829659,2.0,0.1619846402586904,0.47817299919159256,3.0,-0.30574324324324326,0.45965818759936405,-0.4677278835019336
dev_roll_mean_200,20,9961,-0.05876275608640732,0.05876275608640732,-0.03435940357125943,-0.11866906488780865,13.76696369529614,-0.06254392129304287,6.454572834052806,-18.575000000000728,1.5952858575727182,0.5336008024072216,17.6875,-1.0872617853560682,0.41424272818455365,-2.6825476429287862
ask_gap_23,20,192,-0.05809646220081937,0.05809646220081937,-0.9722222222222225,2.4375,0.49737530995504753,3.9635416666666665,7.302083333333333,2.0,4.388888888888889,0.7314814814814815,3.0,3.4166666666666665,0.5833333333333334,-0.9722222222222228
dev_roll_median_10,20,9978,-0.05732600375654862,0.05732600375654862,-0.13727919267191893,-0.019718380436961315,3.3607824931833696,-0.07346161555421928,6.454600120264582,-4.0,1.0360032362459546,0.511326860841424,4.0,-0.7423263327948304,0.4604200323101777,-1.778329569040785
z_roll_mean_10,20,9978,-0.05681292514902602,0.05681292514902602,-0.39252041098564433,-0.000517054487202267,1.1648724137845379,-0.07346161555421928,6.454600120264582,-1.5490871160794297,1.0656312625250501,0.5130260521042084,1.5482149130436162,-0.8797595190380761,0.4408817635270541,-1.9453907815631264
roll_vol_ret1_20,20,9976,0.056662270652586985,0.056662270652586985,1.0543258233917006,2.166443934892201,0.43252201436261534,-0.07177225340817964,6.454190056134723,1.654340383737022,0.22845691382765532,0.46993987975951906,2.7470078477059587,1.342184368737475,0.5080160320641283,1.1137274549098197
dev_ema_10,20,9978,-0.0561842610819537,0.0561842610819537,-0.16792038728323122,-0.010845617546296527,2.692803736240471,-0.07346161555421928,6.454600120264582,-3.412679792326162,1.0786573146292586,0.5250501002004008,3.4064773410351337,-0.8476953907815631,0.4559118236472946,-1.9263527054108218
dev_roll_mean_10,20,9978,-0.056052484462087236,0.056052484462087236,-0.14090996271161632,-0.011486739079946151,3.2014492513501436,-0.07346161555421928,6.454600120264582,-4.049999999999272,1.161530815109344,0.525844930417495,4.049999999999272,-0.7299306243805749,0.4578790882061447,-1.8914614394899187
bid_size_3,20,9980,-0.05481848199861757,0.05481848199861757,-0.13809047811531253,0.407314629258517,3.1946139478167215,-0.07384769539078156,6.453707414829659,0.0,-0.016143817478101445,0.47097168466082706,0.0,-0.07384769539078156,0.4688376753507014,-0.05770387791268012
dev_roll_median_20,20,9977,-0.05422216059192976,0.05422216059192976,-0.09174721322952094,-0.035080685576826705,4.756334375974359,-0.07256690387892152,6.454344993485016,-6.0,1.0555555555555556,0.5325987144168962,6.0,-0.6428571428571429,0.46872082166199813,-1.6984126984126986
dev_roll_median_200,20,9961,-0.052563278550669834,0.052563278550669834,-0.02976941340551764,-0.2900060234916173,14.213263107132512,-0.06254392129304287,6.454572834052806,-19.0,1.5771878072763028,0.5329400196656834,18.0,-0.9112453531598513,0.4117100371747212,-2.4884331604361543
mid_change,20,9979,-0.05178279927347512,0.05178279927347512,-0.1902523841223104,-0.002805892373985369,2.1904446691867485,-0.07385509570097204,6.4543541437017735,-3.0,0.7564674397859055,0.5013380909901873,3.0,-0.9103603603603604,0.44324324324324327,-1.6668278001462657
past_ret_1,20,9979,-0.05178279927347512,0.05178279927347512,-0.1902523841223104,-0.002805892373985369,2.1904446691867485,-0.07385509570097204,6.4543541437017735,-3.0,0.7564674397859055,0.5013380909901873,3.0,-0.9103603603603604,0.44324324324324327,-1.6668278001462657
z_roll_mean_20,20,9977,-0.04964620667149098,0.04964620667149098,-0.3154294462898201,-0.006359403337173267,1.266695648052063,-0.07256690387892152,6.454344993485016,-1.6850892790375862,1.246993987975952,0.5320641282565131,1.6700597429125843,-0.7479959919839679,0.4779559118236473,-1.9949899799599198
ask_change,20,9979,-0.04952595613334062,0.04952595613334062,-0.15810016973346352,-0.002805892373985369,2.521026459043456,-0.07385509570097204,6.4543541437017735,-3.0,0.8375451263537906,0.5108303249097473,3.0,-0.5385674931129476,0.46189164370982555,-1.3761126194667384
past_ret_2,20,9978,-0.04952259829525063,0.04952259829525063,-0.13859859076412565,-0.005411906193625977,2.8756634867158684,-0.07346161555421928,6.454600120264582,-4.0,0.5623827392120075,0.48874296435272047,4.0,-0.5383509108341323,0.4678811121764142,-1.10073365004614
past_ret_5,20,9975,-0.04904336256627311,0.04904336256627311,-0.09192104782573235,-0.013433583959899749,4.293874371530098,-0.07087719298245614,6.453934837092731,-5.5,0.8072115384615385,0.5,5.0,-0.5265017667844523,0.47208480565371025,-1.3337133052459906
past_ret_3,20,9977,-0.047452102159215144,0.047452102159215144,-0.11188424332032772,-0.008218903477999398,3.4133039933404365,-0.07256690387892152,6.454344993485016,-4.0,0.5470347648261759,0.48738922972051807,4.0,-0.5172413793103449,0.4658553076402975,-1.0642761441365207
dev_ema_20,20,9977,-0.0449543700480341,0.0449543700480341,-0.09283950094173586,-0.021843449503939277,3.8969744656272547,-0.07256690387892152,6.454344993485016,-4.9850986326677225,1.059118236472946,0.5320641282565131,4.938241023529553,-0.30110220440881763,0.4789579158316633,-1.3602204408817635
dev_roll_mean_20,20,9977,-0.0448920197689493,0.0448920197689493,-0.07938556329951156,-0.023440176860848577,4.55109662213124,-0.07256690387892152,6.454344993485016,-5.825000000000728,0.8131212723658051,0.5218687872763419,5.725000000000364,-0.6306306306306306,0.45645645645645644,-1.4437519029964356
past_ret_10,20,9970,-0.044358250849743854,0.044358250849743854,-0.06058248662639249,-0.025325977933801404,5.892407739869423,-0.06659979939819459,6.4528585757271815,-7.5,0.9359726295210166,0.530791788856305,7.5,-0.3075,0.488,-1.2434726295210166
bid_change,20,9979,-0.043412894224299,0.043412894224299,-0.14870333379729547,-0.002805892373985369,2.3494970618575888,-0.07385509570097204,6.4543541437017735,-3.0,0.2522851919561243,0.47989031078610606,3.0,-1.0189289012003693,0.44136657433056325,-1.2712140931564937
z_roll_mean_200,20,9961,-0.04030948323470715,0.04030948323470715,-0.23467092280874774,-0.0030780700491016668,1.3827051366875454,-0.06254392129304287,6.454572834052806,-1.8382686726380824,0.8590772316950852,0.49247743229689067,1.799173060113467,-1.0135406218655967,0.41624874623871616,-1.8726178535606819
bid_depth_L2,20,9980,0.04021324138324824,0.04021324138324824,0.0769439705852092,37.17965931863728,4.205809510046956,-0.07384769539078156,6.453707414829659,32.0,-0.4961202715809893,0.4393792434529583,42.0,0.3092892329345531,0.4757213230119634,0.8054095045155425
dev_ema_100,20,9961,-0.03886071407679472,0.03886071407679472,-0.036399287668423666,-0.07422813035562514,8.594082507536475,-0.06254392129304287,6.454572834052806,-11.387699154922302,1.090270812437312,0.5075225677031093,10.905200654347937,-0.6113340020060181,0.4493480441323972,-1.70160481444333
bid_size_2,20,9980,0.0374189096334848,0.0374189096334848,0.0856960533588058,24.806513026052105,3.5138678014226716,-0.07384769539078156,6.453707414829659,20.0,-0.7208413001912046,0.4416826003824092,29.0,0.10416666666666667,0.47128378378378377,0.8250079668578713
roll_vol_ret1_100,20,9960,-0.030739219645908276,0.030739219645908276,-1.2886629148725546,2.18332239858366,0.19202334642681085,-0.06224899598393574,6.45491967871486,1.9327924937443908,0.608433734939759,0.46987951807228917,2.4382474249038935,-1.6995987963891674,0.35606820461384153,-2.3080325313289265
ask_depth_L2,20,9980,-0.030563680034729746,0.030563680034729746,-0.05709039549197794,37.12394789579158,4.3082183336307445,-0.07384769539078156,6.453707414829659,32.0,0.6895734597156398,0.4938388625592417,42.0,0.22009907997169142,0.4713375796178344,-0.46947437974394834
dev_ema_50,20,9971,-0.02997634412948146,0.02997634412948146,-0.0389873030098384,-0.04845669277341497,6.187953637243375,-0.06779661016949153,6.453414903219336,-7.910647004548082,0.9834669338677354,0.5210420841683366,8.01181799335609,-0.19539078156312625,0.46593186372745493,-1.1788577154308617
ask_depth_L3,20,9980,0.02995449540046119,0.02995449540046119,0.06522556378029169,37.60791583166333,3.6957218538431578,-0.07384769539078156,6.453707414829659,33.0,-0.09002093510118632,0.45638520586182835,42.0,0.59149072296865,0.49008317338451696,0.6815116580698364
ask_size_1,20,9980,-0.02667057686886462,0.02667057686886462,-0.115734814977348,12.356312625250501,1.854485744607524,-0.07384769539078156,6.453707414829659,10.0,0.38311688311688313,0.4897186147186147,15.0,-0.009689922480620155,0.4702842377260982,-0.3928068055975033
ask_depth_L1,20,9980,-0.02667057686886462,0.02667057686886462,-0.115734814977348,12.356312625250501,1.854485744607524,-0.07384769539078156,6.453707414829659,10.0,0.38311688311688313,0.4897186147186147,15.0,-0.009689922480620155,0.4702842377260982,-0.3928068055975033
z_roll_mean_50,20,9971,-0.026457698576002737,0.026457698576002737,-0.1569996076453236,-0.029413029488082207,1.3562666288774425,-0.06779661016949153,6.453414903219336,-1.7797371964267517,0.8251503006012024,0.5350701402805611,1.748562636333362,-0.593186372745491,0.4589178356713427,-1.4183366733466936
ask_size_1_change,20,9979,-0.02437242244132918,0.02437242244132918,-0.07528193154474681,-0.0003006313257841467,2.6054624283675634,-0.07385509570097204,6.4543541437017735,-3.0,0.2487194080819579,0.47979510529311326,3.0,-0.20854997111496246,0.45522819179664936,-0.45726937919692034
roll_vol_ret1_10,20,9977,0.023910122011196765,0.023910122011196765,0.3148089348230076,2.1382140395063534,0.6112560681900926,-0.07256690387892152,6.454344993485016,1.4298407059684741,0.36422845691382766,0.4939879759519038,2.953340857778223,0.8953953953953954,0.5105105105105106,0.5311669384815677
ask_size_2,20,9980,-0.023019151468834854,0.023019151468834854,-0.051866114845791664,24.76763527054108,3.571582652661498,-0.07384769539078156,6.453707414829659,20.0,0.4009345794392523,0.491588785046729,29.0,0.007348784624081402,0.465799886941775,-0.3935857948151709
dev_roll_mean_50,20,9971,-0.02251450975913896,0.02251450975913896,-0.025317044945678005,-0.055981302402622724,7.157165519217958,-0.06779661016949153,6.453414903219336,-9.209999999999127,0.8736263736263736,0.5114885114885115,9.3799999999992,0.014,0.472,-0.8596263736263736
dev_roll_median_100,20,9961,-0.022408432733746184,0.022408432733746184,-0.017116895294260283,-0.18386708161831142,10.538240736254922,-0.06254392129304287,6.454572834052806,-13.5,0.875492125984252,0.514763779527559,13.0,-0.1773465703971119,0.4693140794223827,-1.0528386963813638
dev_roll_median_50,20,9971,-0.02228088090695592,0.02228088090695592,-0.024095428398626027,-0.09622906428643065,7.441993457477986,-0.06779661016949153,6.453414903219336,-9.0,0.8747870528109029,0.5212947189097104,9.5,0.3706896551724138,0.48563218390804597,-0.504097397638489
spread,20,9980,-0.021955612575014837,0.021955612575014837,-0.11670520528506093,15.700400801603207,1.5139462041990452,-0.07384769539078156,6.453707414829659,16.0,-0.04291497975708502,0.4703441295546559,16.0,-0.09892621730810121,0.46555390176483097,-0.05601123755101619
half_spread,20,9980,-0.021955612575014837,0.021955612575014837,-0.23341041057012185,7.8502004008016035,0.7569731020995226,-0.07384769539078156,6.453707414829659,8.0,-0.04291497975708502,0.4703441295546559,8.0,-0.09892621730810121,0.46555390176483097,-0.05601123755101619
dev_roll_mean_100,20,9961,-0.020706939277287822,0.020706939277287822,-0.01642289864649853,-0.0847355669932925,10.149571891106437,-0.06254392129304287,6.454572834052806,-13.069999999999709,0.8796389167502507,0.5075225677031093,12.915000000000873,-0.26629889669007023,0.4653961885656971,-1.1459378134403209
bid_size_1,20,9980,0.02056387893360621,0.02056387893360621,0.09039989138215751,12.37314629258517,1.8305948715012759,-0.07384769539078156,6.453707414829659,10.0,-0.2442180616740088,0.4620044052863436,15.0,0.050096961861667746,0.47058823529411764,0.29431502353567657
bid_depth_L1,20,9980,0.02056387893360621,0.02056387893360621,0.09039989138215751,12.37314629258517,1.8305948715012759,-0.07384769539078156,6.453707414829659,10.0,-0.2442180616740088,0.4620044052863436,15.0,0.050096961861667746,0.47058823529411764,0.29431502353567657
past_ret_20,20,9960,-0.018930581169715237,0.018930581169715237,-0.01896927196656949,-0.048443775100401605,8.033666707737668,-0.06224899598393574,6.45491967871486,-10.0,0.6712683347713546,0.5150992234685073,10.0,0.00927487352445194,0.4822934232715008,-0.6619934612469027
total_depth_L3,20,9980,0.01446928674174525,0.01446928674174525,0.01609037089055498,75.19488977955912,7.236626862801048,-0.07384769539078156,6.453707414829659,66.0,-0.06056338028169014,0.4563380281690141,84.0,0.2986337020169161,0.47560182173064414,0.35919708229860625
roll_vol_ret1_1000,20,9960,-0.014301561737807793,0.014301561737807793,-2.3788656013730973,2.187422972152607,0.04839651451331142,-0.06224899598393574,6.45491967871486,2.1346917771953096,1.0481927710843373,0.5431726907630522,2.249433907454401,0.16716867469879518,0.501004016064257,-0.8810240963855421
bid_size_1_change,20,9979,0.012882448879782847,0.012882448879782847,0.04014150559528055,-0.0003006313257841467,2.582745665991143,-0.07385509570097204,6.4543541437017735,-3.0,-0.38029782359679265,0.45303550973654066,3.0,-0.025246662797446313,0.4596633778293674,0.35505116079934634
roll_vol_ret1_50,20,9970,0.01189818023074155,0.01189818023074155,0.3515462798915695,2.1806820011572943,0.27237265897757124,-0.06659979939819459,6.4528585757271815,1.8440195669420976,0.016533066132264528,0.43987975951903807,2.5226565190422865,-0.7036108324974925,0.39317953861584753,-0.720143898629757
spread_change,20,9979,-0.010705038967164146,0.010705038967164146,-0.040347753451156244,0.0,2.1352354218386984,-0.07385509570097204,6.4543541437017735,0.0,-0.051932755112967126,0.4697505086197666,0.0,-0.07971092077087795,0.46755888650963595,-0.027778165657910824
roll_vol_ret1_500,20,9960,-0.010683071692722142,0.010683071692722142,-1.143392094499553,2.1855106333812135,0.07521448463570822,-0.06224899598393574,6.45491967871486,2.083950791554294,0.5798192771084337,0.5070281124497992,2.274256909185496,0.03610832497492478,0.4543630892678034,-0.543710952133509
z_roll_mean_100,20,9961,-0.009773757765453474,0.009773757765453474,-0.057147884859248495,-0.0262490613642841,1.3767118067303283,-0.06254392129304287,6.454572834052806,-1.8284822796647395,0.5245737211634904,0.5095285857572718,1.7734212237465763,-0.39117352056168503,0.4483450351053159,-0.9157472417251755
total_depth_L2,20,9980,0.004813000025507979,0.004813000025507979,0.004977210499202603,74.30360721442885,7.781887839628635,-0.07384769539078156,6.453707414829659,64.0,0.18313458262350937,0.4752981260647359,84.0,0.2593390804597701,0.47270114942528735,0.07620449783626074
total_depth_L1,20,9980,-0.0033571412491945974,0.0033571412491945974,-0.007675756058620178,24.72945891783567,3.5196830912523374,-0.07384769539078156,6.453707414829659,20.0,0.056338028169014086,0.47670639219934996,30.0,0.023293963254593177,0.46981627296587924,-0.03304406491442091
bid_depth_L3,20,9980,-0.0016316653454410785,0.0016316653454410785,-0.003573988565061226,37.58697394789579,3.67394831801345,-0.07384769539078156,6.453707414829659,33.0,-0.00625,0.4576388888888889,42.0,-0.005829015544041451,0.4637305699481865,0.0004209844559585497
roll_vol_ret1_200,20,9960,0.000936583265396513,0.000936583265396513,0.055713276565127486,2.1843333543006573,0.1353281732354239,-0.06224899598393574,6.45491967871486,1.9987282383596285,0.12550200803212852,0.4759036144578313,2.3500454395264763,-1.0526579739217652,0.4002006018054162,-1.1781599819538937
past_ret_50,20,9930,-0.0004809079199774327,0.0004809079199774327,-0.0003093307378899048,-0.09375629405840886,12.527605584908454,-0.06419939577039276,6.463997985901309,-16.0,0.24171270718232044,0.47513812154696133,16.0,0.14690026954177898,0.48517520215633425,-0.09481243764054145
dev_global_mean,50,9950,-0.24486670020574886,0.24486670020574886,-0.12112701237609083,0.09101557788880113,25.35413203204381,-0.12889447236180904,10.236733668341708,-34.962100000000646,7.1177644710578845,0.6407185628742516,34.037899999999354,-6.447709163346613,0.33665338645418325,-13.565473634404498
z_global_mean,50,9950,-0.24486670020574883,0.24486670020574883,-3.0679483262020972,0.0035934259176397133,1.0010175980480673,-0.12889447236180904,10.236733668341708,-1.3803539920232795,7.1177644710578845,0.6407185628742516,1.3438652467983165,-6.447709163346613,0.33665338645418325,-13.565473634404498
bid_gap_23,50,161,0.19587418494843445,0.19587418494843445,4.676923076923078,2.4347826086956523,0.49727518407382054,-2.186335403726708,9.91304347826087,2.0,-4.21978021978022,0.31868131868131866,3.0,0.45714285714285713,0.5428571428571428,4.676923076923077
dev_roll_median_1000,50,9931,-0.18395843446675017,0.18395843446675017,-0.10829923358922833,0.46196254153660254,21.31712298863509,-0.11821568824891752,10.243480012083376,-29.0,3.3456375838926173,0.5781399808245445,27.0,-4.501359927470535,0.329102447869447,-7.846997511363153
dev_roll_median_500,50,9931,-0.18142006752928608,0.18142006752928608,-0.13083336650138847,-0.12805860437015407,17.402076637460876,-0.11821568824891752,10.243480012083376,-24.0,5.463697967086157,0.6350435624394967,22.0,-5.5635305528613,0.2667313288069835,-11.027228519947457
dev_ema_1000,50,9931,-0.18024364413123514,0.18024364413123514,-0.11996143540367529,0.22682062384693844,18.85613047909631,-0.11821568824891752,10.243480012083376,-25.938507764427413,4.439134808853119,0.6056338028169014,25.747470371954478,-3.471327967806841,0.3672032193158954,-7.91046277665996
dev_roll_mean_500,50,9931,-0.1754907650385938,0.1754907650385938,-0.12647222860472934,0.10022512872169652,17.413792489791284,-0.11821568824891752,10.243480012083376,-23.097999999999956,5.690140845070423,0.6539235412474849,22.549999999999272,-4.896188565697091,0.3039117352056169,-10.586329410767515
dev_roll_mean_1000,50,9931,-0.17203618823171568,0.17203618823171568,-0.10009970186799953,0.33370873642221077,21.568567233113747,-0.11821568824891752,10.243480012083376,-30.530500000000757,2.817404426559356,0.5583501006036218,27.612999999999374,-4.184104627766599,0.3420523138832998,-7.001509054325956
dev_ema_500,50,9931,-0.1684048083807528,0.1684048083807528,-0.1379781767398134,0.10142621675041448,15.317163734974063,-0.11821568824891752,10.243480012083376,-20.78665722270489,5.29476861167002,0.6277665995975855,20.161417548797544,-4.293259557344064,0.32796780684104626,-9.588028169014084
z_roll_mean_500,50,9931,-0.1657070259994877,0.1657070259994877,-1.604273503477076,0.04919735610166151,1.2962739139001545,-0.11821568824891752,10.243480012083376,-1.7066418021768324,4.726861167002012,0.6096579476861167,1.67661646050851,-4.231388329979879,0.32293762575452717,-8.95824949698189
z_roll_mean_1000,50,9931,-0.16263440605526763,0.16263440605526763,-1.601677730599852,0.10034878228062129,1.2742996382381166,-0.11821568824891752,10.243480012083376,-1.6032975451682117,5.741448692152917,0.6398390342052314,1.7874648622135496,-3.545271629778672,0.3551307847082495,-9.28672032193159
dev_ema_200,50,9931,-0.11461945654914674,0.11461945654914674,-0.12682423382729396,-0.02254590862247788,11.342018903440062,-0.11821568824891752,10.243480012083376,-15.537733442452009,3.808853118712274,0.5734406438631791,14.45841474136978,-2.865191146881288,0.3812877263581489,-6.674044265593562
ask_gap_23,50,191,0.10863345758293384,0.10863345758293384,2.846329763498439,2.4345549738219896,0.4970012028619081,3.926701570680628,10.942408376963352,2.0,2.689814814814815,0.5462962962962963,3.0,5.536144578313253,0.6626506024096386,2.8463297634984377
dev_roll_mean_200,50,9931,-0.10612112338590032,0.10612112338590032,-0.09685606647773295,-0.06326780337805478,13.750208397545107,-0.11821568824891752,10.243480012083376,-18.522499999999127,4.097082494969819,0.5824949698189135,17.717500000000655,-2.8988933601609657,0.3893360160965795,-6.995975855130785
dev_roll_median_200,50,9931,-0.09318236352422504,0.09318236352422504,-0.08235155649497229,-0.23605377102003827,14.200256169225613,-0.11821568824891752,10.243480012083376,-19.0,4.138033763654419,0.5779543197616683,18.0,-2.279739776951673,0.40148698884758366,-6.417773540606092
z_roll_mean_200,50,9931,-0.07295947153558607,0.07295947153558607,-0.6631481706371704,0.0027068051126960557,1.3807192277435494,-0.11821568824891752,10.243480012083376,-1.8281492474029846,3.2303822937625752,0.5492957746478874,1.8007619640625154,-1.31841046277666,0.4537223340040241,-4.548792756539235
dev_ema_100,50,9931,-0.05648964444672174,0.05648964444672174,-0.08256922635110121,-0.04182503355184013,8.585881594591436,-0.11821568824891752,10.243480012083376,-11.353374402500776,2.9139839034205233,0.5613682092555332,10.928581525062327,-1.488933601609658,0.4476861167002012,-4.402917505030182
imbalance_L3,50,9950,-0.04840929563615546,0.04840929563615546,-35.86294909167155,-0.0002632773646186474,0.01692944762348162,-0.12889447236180904,10.236733668341708,0.0,-0.09505567473694963,0.4743078966186536,0.0,-0.20826928988625884,0.4709498924070089,-0.11321361514930921
book_wap_edge_L3,50,9950,0.047628106956215235,0.047628106956215235,0.8694604019417601,0.018739080419761363,0.6870265756707877,-0.12889447236180904,10.236733668341708,-0.35365853658549895,-0.8239719157472417,0.45035105315947843,0.35365853658549895,0.7344199424736337,0.5081495685522531,1.5583918582208756
roll_vol_ret1_100,50,9930,-0.045769836873562036,0.045769836873562036,-3.0014763747274125,2.1822902345818282,0.19137668514593412,-0.11913393756294058,10.243605236656597,1.9309677268398449,-0.094662638469285,0.48338368580060426,2.434478767319999,-4.410876132930514,0.32729103726082576,-4.316213494461229
imbalance_L2,50,9950,0.04524165821409099,0.04524165821409099,9.35685197677906,0.000940417645811274,0.06064133862960003,-0.12889447236180904,10.236733668341708,0.0,-0.20826928988625884,0.4709498924070089,0.0,-0.09505567473694963,0.4743078966186536,0.11321361514930921
ask_size_3,50,9950,0.04448554057382311,0.04448554057382311,0.16039354443416565,0.482713567839196,3.4785000333513247,-0.12889447236180904,10.236733668341708,0.0,-0.20826928988625884,0.4709498924070089,0.0,-0.12889447236180904,0.4733668341708543,0.0793748175244498
roll_vol_ret1_50,50,9940,-0.04429086624121119,0.04429086624121119,-2.0565577253372505,2.178692913309482,0.2701751875570694,-0.12057344064386318,10.238581488933601,1.8440195669420942,1.550753768844221,0.5256281407035176,2.5200583078949164,-2.848088531187123,0.3611670020120724,-4.398842300031344
book_wap_edge_L2,50,9950,0.041525945039425916,0.041525945039425916,1.138760522403854,0.012432310109449358,0.4573483810200856,-0.12889447236180904,10.236733668341708,-0.35365853658549895,-0.8239719157472417,0.45035105315947843,0.35365853658549895,0.7344199424736337,0.5081495685522531,1.5583918582208756
ask_gap_12,50,9950,0.04121931380394676,0.04121931380394676,0.5324561872768631,2.6164824120603014,0.9709053714796764,-0.12889447236180904,10.236733668341708,2.0,-0.297499487599918,0.468333674933388,3.0,0.03332676000788799,0.4782094261486886,0.330826247607806
dev_roll_median_100,50,9931,-0.04040291659692392,0.04040291659692392,-0.04819882798888837,-0.13759943610915315,10.519873272657092,-0.11821568824891752,10.243480012083376,-13.0,2.2960526315789473,0.5394736842105263,13.0,-0.6331227436823105,0.47924187725631767,-2.929175375261258
imbalance_L1,50,9950,0.03621708907421681,0.03621708907421681,7.769880118386008,0.0008341961277895493,0.05846005873043922,-0.12889447236180904,10.236733668341708,0.0,-0.20419866871479775,0.47107014848950335,0.0,-0.099040228711456,0.47416785787216664,0.10515844000334175
dev_roll_mean_100,50,9931,-0.03492522570311028,0.03492522570311028,-0.043215459958685316,-0.04807934576781634,10.142250919719423,-0.11821568824891752,10.243480012083376,-13.030000000000655,2.0105527638190956,0.5246231155778894,12.920000000000073,-0.8321608040201005,0.47035175879396984,-2.842713567839196
micro_edge_L1,50,9950,0.03484310345912317,0.03484310345912317,1.8953849928422166,0.0008183194904304584,0.23055758636419615,-0.12889447236180904,10.236733668341708,0.0,-0.20419866871479775,0.47107014848950335,0.0,-0.099040228711456,0.47416785787216664,0.10515844000334175
mid_change,50,9949,-0.030867873457281647,0.030867873457281647,-0.17675697969896007,-0.0018092270579957784,2.190318175673769,-0.12830435219620062,10.237159513518947,-3.0,0.5349462365591398,0.4910394265232975,3.0,-0.7631103074141049,0.45207956600361665,-1.2980565439732445
past_ret_1,50,9949,-0.030867873457281647,0.030867873457281647,-0.17675697969896007,-0.0018092270579957784,2.190318175673769,-0.12830435219620062,10.237159513518947,-3.0,0.5349462365591398,0.4910394265232975,3.0,-0.7631103074141049,0.45207956600361665,-1.2980565439732445
ask_change,50,9949,-0.029807563842362036,0.029807563842362036,-0.14832923458513667,-0.0018092270579957784,2.5204425051136417,-0.12830435219620062,10.237159513518947,-3.0,0.463768115942029,0.48731884057971014,3.0,-0.4695852534562212,0.46359447004608295,-0.9333533693982502
bid_gap_12,50,9950,-0.02818412524211744,0.02818412524211744,-0.43574120410168243,2.577889447236181,0.8112149674584919,-0.12889447236180904,10.236733668341708,2.0,0.09941224158897446,0.48074584515606,3.0,-0.3534688995215311,0.4661084529505582,-0.4528811411105056
past_ret_2,50,9948,-0.026903909355803442,0.026903909355803442,-0.11730923607003453,-0.003417772416566144,2.8765855672236222,-0.12771411338962604,10.237585444310414,-4.0,0.0475517890772128,0.4764595103578154,4.0,-0.6474543707973103,0.46493756003842457,-0.6950061598745231
ask_depth_L3,50,9950,0.02657240949987203,0.02657240949987203,0.09017108898363176,37.608542713567836,3.695929225569778,-0.12889447236180904,10.236733668341708,33.0,-0.42396636299929924,0.4730203223545901,42.0,0.5433247753530167,0.49165596919127086,0.967291138352316
dev_ema_10,50,9948,-0.02654339341177446,0.02654339341177446,-0.12356683682373999,-0.007478524462099417,2.6943166027495495,-0.12771411338962604,10.237585444310414,-3.4123583429034623,0.6040201005025125,0.4964824120603015,3.409834533200047,-0.7804020100502512,0.4592964824120603,-1.3844221105527637
dev_roll_mean_10,50,9948,-0.026414733596083016,0.026414733596083016,-0.10343260440671491,-0.00779198658420775,3.203191382416931,-0.12771411338962604,10.237585444310414,-4.049999999999272,0.7689243027888446,0.500996015936255,4.049999999999272,-0.6952428146679881,0.46778989098116946,-1.4641671174568327
spread,50,9950,-0.026071240005097567,0.026071240005097567,-0.21615880291347267,15.701005025125628,1.5126859923404898,-0.12889447236180904,10.236733668341708,16.0,-0.05979695431472081,0.4754314720812183,16.0,-0.21401151631477927,0.4711025805075709,-0.15421456200005845
half_spread,50,9950,-0.026071240005097567,0.026071240005097567,-0.43231760582694534,7.850502512562814,0.7563429961702449,-0.12889447236180904,10.236733668341708,8.0,-0.05979695431472081,0.4754314720812183,8.0,-0.21401151631477927,0.4711025805075709,-0.15421456200005845
dev_roll_median_10,50,9948,-0.02584488074532235,0.02584488074532235,-0.09640106869657838,-0.01560615199034982,3.362689724022213,-0.12771411338962604,10.237585444310414,-4.0,0.8308943089430895,0.5024390243902439,4.0,-0.5989499192245558,0.4701130856219709,-1.4298442281676453
bid_change,50,9949,-0.025582964617251833,0.025582964617251833,-0.13660206105039613,-0.0018092270579957784,2.348933306699826,-0.12830435219620062,10.237159513518947,-3.0,0.05963302752293578,0.47522935779816516,3.0,-0.829935125115848,0.44670991658943465,-0.8895681526387837
past_ret_3,50,9947,-0.025114518728314245,0.025114518728314245,-0.09223988657621832,-0.005227706846285312,3.4151948726864605,-0.12702322308233638,10.237910927917966,-4.0,0.19493844049247605,0.47674418604651164,4.0,-0.53385240352065,0.46784021665538256,-0.7287908440131261
z_roll_mean_10,50,9948,-0.024579605132357504,0.024579605132357504,-0.2646717012580151,0.001230138060913147,1.1648272056421543,-0.12771411338962604,10.237585444310414,-1.5439507074410879,1.2020100502512563,0.5135678391959799,1.5493635944295991,-0.2919597989949749,0.4743718592964824,-1.4939698492462312
roll_vol_ret1_1000,50,9930,-0.02456721544618713,0.02456721544618713,-6.369298540091663,2.187288696792423,0.048407083956361334,-0.11913393756294058,10.243605236656597,2.1346092046218708,1.9828801611278952,0.5468277945619335,2.249526432184379,0.8967774420946626,0.5065458207452165,-1.0861027190332326
bid_depth_L2,50,9950,0.024415436357652302,0.024415436357652302,0.07281841924053013,37.18060301507538,4.205167194891257,-0.12889447236180904,10.236733668341708,32.0,-0.8385214007782101,0.46108949416342415,42.0,0.21030345800988004,0.48341566690190546,1.0488248587880902
bid_size_3,50,9950,-0.022834476021685573,0.022834476021685573,-0.08970058690578693,0.4064321608040201,3.192682927881909,-0.12889447236180904,10.236733668341708,0.0,-0.09505567473694963,0.4743078966186536,0.0,-0.12889447236180904,0.4733668341708543,-0.033838797624859404
dev_ema_50,50,9941,-0.021390847144066333,0.021390847144066333,-0.04337313948954817,-0.030142428962782238,6.186956438437778,-0.12176843375917916,10.238758676189518,-7.900386885770786,1.7020100502512563,0.5256281407035176,8.01982988128475,-0.2638190954773869,0.48040201005025124,-1.9658291457286432
past_ret_10,50,9940,-0.021308187118456084,0.021308187118456084,-0.04533037762423145,-0.018712273641851105,5.896975948421484,-0.12057344064386318,10.238581488933601,-7.5,0.7541625857002938,0.4887365328109696,7.5,-0.1625,0.496,-0.9166625857002938
dev_roll_median_20,50,9947,-0.02109478282893157,0.02109478282893157,-0.05558149045376127,-0.029506383834321907,4.760518531183074,-0.12702322308233638,10.237910927917966,-6.0,0.7771639042357275,0.4990791896869245,6.0,-0.5980392156862745,0.4696545284780579,-1.375203119922002
past_ret_5,50,9945,-0.020896092710153386,0.020896092710153386,-0.06101499003022034,-0.008949220713926596,4.296059200008249,-0.12574157868275515,10.238662644544997,-5.5,0.4454633204633205,0.4864864864864865,5.0,-0.5053041018387553,0.4752475247524752,-0.9507674223020758
z_roll_mean_100,50,9931,-0.020876150416443872,0.020876150416443872,-0.1904798175119726,-0.02110150817478545,1.3754212194006465,-0.11821568824891752,10.243480012083376,-1.8237599328817224,2.2208249496981893,0.5392354124748491,1.773939860572103,0.045774647887323945,0.5080482897384306,-2.1750503018108653
bid_size_1,50,9950,0.020448793003312753,0.020448793003312753,0.14006954056230628,12.374170854271357,1.8309816792898939,-0.12889447236180904,10.236733668341708,10.0,-0.6906077348066298,0.4613259668508287,15.0,0.36107512953367876,0.48251295336787564,1.0516828643403087
bid_depth_L1,50,9950,0.020448793003312753,0.020448793003312753,0.14006954056230628,12.374170854271357,1.8309816792898939,-0.12889447236180904,10.236733668341708,10.0,-0.6906077348066298,0.4613259668508287,15.0,0.36107512953367876,0.48251295336787564,1.0516828643403087
roll_vol_ret1_500,50,9930,-0.020070332469982754,0.020070332469982754,-3.3452547472191143,2.185391014859505,0.07529566332729058,-0.11913393756294058,10.243605236656597,2.0839098253811024,1.5599194360523665,0.5458207452165156,2.274274091944248,1.2920443101711985,0.4984894259818731,-0.267875125881168
dev_roll_mean_20,50,9947,-0.01923800582544599,0.01923800582544599,-0.05297593801746006,-0.01779055439234847,4.555025226458608,-0.12702322308233638,10.237910927917966,-5.825000000000728,0.6301096709870389,0.4865403788634098,5.725000000000364,-0.6326326326326326,0.45645645645645644,-1.2627423036196714
bid_size_2,50,9950,0.018562408347872074,0.018562408347872074,0.06624967863982917,24.80643216080402,3.51407131257165,-0.12889447236180904,10.236733668341708,20.0,-1.0464114832535885,0.45550239234449763,29.0,-0.23618940248027057,0.47125140924464487,0.8102220807733179
dev_ema_20,50,9947,-0.018389260402787377,0.018389260402787377,-0.05915681745552325,-0.015041218630724629,3.8991401978465414,-0.12702322308233638,10.237910927917966,-4.9850986326677225,1.04321608040201,0.4984924623115578,4.9484731113858285,0.011557788944723618,0.4793969849246231,-1.0316582914572865
z_roll_mean_20,50,9947,-0.01801329311178853,0.01801329311178853,-0.17834820627864578,-0.00407083591083271,1.2668749822857646,-0.12702322308233638,10.237910927917966,-1.6847113166631946,0.9959798994974874,0.5045226130653266,1.672589796836037,-0.4271356783919598,0.471356783919598,-1.4231155778894473
total_depth_L3,50,9950,0.017682779492861237,0.017682779492861237,0.030642731876025064,75.19557788944724,7.237408303069185,-0.12889447236180904,10.236733668341708,66.0,-0.4335219236209335,0.4724186704384724,84.0,0.2345075016307893,0.487279843444227,0.6680294252517228
ask_size_2,50,9950,-0.014778314246462108,0.014778314246462108,-0.051896349420108664,24.768140703517588,3.5714790943248746,-0.12889447236180904,10.236733668341708,20.0,-0.08559401309635173,0.48269410664172124,29.0,-0.3522920203735144,0.466893039049236,-0.2666980072771627
ask_depth_L2,50,9950,-0.013131084000189518,0.013131084000189518,-0.038252298961557955,37.125829145728645,4.305296463299941,-0.12889447236180904,10.236733668341708,32.0,0.24049429657794677,0.49334600760456276,42.0,0.10574875798438609,0.47977288857345635,-0.1347455385935607
ask_size_1_change,50,9949,-0.011103587567544579,0.011103587567544579,-0.05348953500357018,-0.0004020504573323952,2.603583840210923,-0.12830435219620062,10.237159513518947,-3.0,-0.13392347230154197,0.47858366647629924,3.0,-0.35208816705336426,0.4646171693735499,-0.2181646947518223
bid_size_1_change,50,9949,0.010944117078822228,0.010944117078822228,0.0531582521947899,-0.0004020504573323952,2.582183520237706,-0.12830435219620062,10.237159513518947,-3.0,-0.6646551724137931,0.4603448275862069,3.0,-0.14306526806526806,0.47144522144522144,0.521589904348525
total_depth_L1,50,9950,0.009571924206161986,0.009571924206161986,0.03410952028966681,24.731859296482412,3.519521833056538,-0.12889447236180904,10.236733668341708,20.0,-0.4597826086956522,0.4657608695652174,30.0,0.27712031558185407,0.4799474030243261,0.7369029242775063
bid_depth_L3,50,9950,0.008101736509345802,0.008101736509345802,0.02765478204507676,37.5870351758794,3.674243197646783,-0.12889447236180904,10.236733668341708,33.0,-0.4211994421199442,0.47280334728033474,42.0,-0.056530214424951264,0.47693307342430147,0.36466922769499294
spread_change,50,9949,-0.0070485830036221215,0.0070485830036221215,-0.04144390933592542,0.0,2.1331341634006873,-0.12830435219620062,10.237159513518947,0.0,-0.12560412415422617,0.4736333369133283,0.0,-0.15775343642611683,0.4728307560137457,-0.03214931227189066
roll_vol_ret1_20,50,9946,0.006317052879840916,0.006317052879840916,0.1830022712057439,2.16627609587052,0.4329965832622348,-0.12643273677860448,10.238337019907501,1.653445363189372,1.3442211055276383,0.5567839195979899,2.7477263328068178,0.38190954773869346,0.4834170854271357,-0.9623115577889448
past_ret_50,50,9900,-0.006028104318264878,0.006028104318264878,-0.006045917150610137,-0.04303030303030303,12.511470316991922,-0.15611111111111112,10.238030303030303,-16.0,0.901124648547329,0.492970946579194,16.0,-0.10467205750224619,0.4743935309973046,-1.0057967060495752
total_depth_L2,50,9950,0.005930317872303539,0.005930317872303539,0.009560029933316888,74.30643216080402,7.779984734093685,-0.12889447236180904,10.236733668341708,64.0,-0.1,0.4829059829059829,84.0,0.14048991354466858,0.4819884726224784,0.2404899135446686
dev_roll_mean_50,50,9941,-0.0038608778806981958,0.0038608778806981958,-0.006767790244827504,-0.035578871970279584,7.156638952157246,-0.12176843375917916,10.238758676189518,-9.200000000000728,1.149748743718593,0.5065326633165829,9.389999999999418,0.35592369477911645,0.48895582329317266,-0.7938250489394765
z_roll_mean_50,50,9941,-0.003292157259055759,0.003292157259055759,-0.030441819779363437,-0.02605981523764979,1.3566877218803173,-0.12176843375917916,10.238758676189518,-1.7797371964267517,0.9,0.5085427135678392,1.7521255082078417,0.13869346733668342,0.48743718592964824,-0.7613065326633166
roll_vol_ret1_10,50,9947,0.002051050887503542,0.002051050887503542,0.042072474157797864,2.138057636706647,0.6114877667421652,-0.12702322308233638,10.237910927917966,1.4298407059684746,0.9252008032128514,0.5281124497991968,2.9522118328055815,0.6849246231155779,0.5135678391959799,-0.24027618009727347
past_ret_20,50,9930,-0.0020414508474456377,0.0020414508474456377,-0.0031855366175788666,-0.03882175226586103,8.042682393081906,-0.11913393756294058,10.243605236656597,-10.0,0.5155306298533219,0.48921484037963764,10.0,0.11424957841483979,0.484822934232715,-0.4012810514384821
ask_size_1,50,9950,-0.0020248541122904304,0.0020248541122904304,-0.013702368855485711,12.357688442211055,1.8533528425228185,-0.12889447236180904,10.236733668341708,10.0,-0.15200868621064062,0.4766558089033659,15.0,0.24498381877022654,0.4796116504854369,0.39699250498086713
ask_depth_L1,50,9950,-0.0020248541122904304,0.0020248541122904304,-0.013702368855485711,12.357688442211055,1.8533528425228185,-0.12889447236180904,10.236733668341708,10.0,-0.15200868621064062,0.4766558089033659,15.0,0.24498381877022654,0.4796116504854369,0.39699250498086713
dev_roll_median_50,50,9941,-0.0015526059235434265,0.0015526059235434265,-0.0026161904018541975,-0.07951916306206619,7.444950654750504,-0.12176843375917916,10.238758676189518,-9.0,0.9203767123287672,0.4940068493150685,9.5,1.278735632183908,0.5172413793103449,0.3583589198551409
roll_vol_ret1_200,50,9930,0.0010984028406789924,0.0010984028406789924,0.10247530351799451,2.1834270049782867,0.1345200520366291,-0.11913393756294058,10.243605236656597,1.9982341450621979,0.1299093655589124,0.4702920443101712,2.3489493000212534,-2.4728915662650603,0.40160642570281124,-2.602800931823973
z_global_mean,100,9900,-0.3467670507550851,0.3467670507550851,-6.1055573539701165,0.0038074064550987644,1.0033780056199049,-0.19914141414141415,14.271262626262626,-1.3803539920232795,14.222055888223553,0.780439121756487,1.3438652467983165,-13.60109561752988,0.22808764940239043,-27.823151505753433
dev_global_mean,100,9900,-0.34676705075508507,0.34676705075508507,-0.24105618561469666,0.09643535353470743,25.41391727991808,-0.19914141414141415,14.271262626262626,-34.962100000000646,14.222055888223553,0.780439121756487,34.037899999999354,-13.60109561752988,0.22808764940239043,-27.823151505753433
dev_roll_median_500,100,9881,-0.2805013113424616,0.2805013113424616,-0.2855170901578327,-0.018545693755692743,17.37170668698926,-0.2074182775022771,14.290810646695679,-24.0,8.224802371541502,0.633399209486166,22.0,-9.848205625606207,0.21144519883608148,-18.07300799714771
dev_ema_1000,100,9881,-0.2711856999859056,0.2711856999859056,-0.25417708695704444,0.3064596306490666,18.865576784130027,-0.2074182775022771,14.290810646695679,-25.96384322121594,10.503033367037412,0.7007077856420627,25.78145532655435,-9.603134479271992,0.27906976744186046,-20.106167846309404
z_roll_mean_500,100,9881,-0.27027289704302504,0.27027289704302504,-3.6993040941795403,0.05893575981789857,1.2918799694325636,-0.2074182775022771,14.290810646695679,-1.6909796033709925,9.899898887765419,0.679474216380182,1.6779411863088265,-8.250758341759353,0.28311425682507585,-18.15065722952477
dev_roll_mean_500,100,9881,-0.26910028610851633,0.26910028610851633,-0.2737048769357651,0.209185786189168,17.384865077588756,-0.2074182775022771,14.290810646695679,-22.953999999999724,8.683013144590495,0.6663296258847321,22.60399999999936,-9.809403437815975,0.21739130434782608,-18.49241658240647
dev_ema_500,100,9881,-0.267811364246944,0.267811364246944,-0.30936243517115686,0.18312758238024185,15.307389215809426,-0.2074182775022771,14.290810646695679,-20.697508623465183,8.950960566228513,0.6744186046511628,20.206845181137396,-9.840748230535894,0.23559150657229525,-18.791708796764407
dev_roll_median_1000,100,9881,-0.265773533057314,0.265773533057314,-0.2202001714855734,0.5351938062949094,21.341934255796282,-0.2074182775022771,14.290810646695679,-29.5,7.387878787878788,0.6323232323232323,27.5,-10.697780020181634,0.2462159434914228,-18.085658808060423
dev_roll_mean_1000,100,9881,-0.2524407580381322,0.2524407580381322,-0.20664672353026506,0.39638705206041625,21.60084062942687,-0.2074182775022771,14.290810646695679,-30.58563535911526,6.880182002022245,0.6390293225480284,27.64099999999962,-10.531344792719919,0.25075834175935285,-17.411526794742166
z_roll_mean_1000,100,9881,-0.2476255320296201,0.2476255320296201,-3.431689618728912,0.1044866708006214,1.2759308013488593,-0.2074182775022771,14.290810646695679,-1.6061979344919703,10.755813953488373,0.6976744186046512,1.7914472164867346,-8.325581395348838,0.28412537917087965,-19.081395348837212
dev_ema_200,100,9881,-0.21485174560758247,0.21485174560758247,-0.33515154324154356,0.035563621266242865,11.335413413718529,-0.2074182775022771,14.290810646695679,-15.463133196715717,6.51314459049545,0.5935288169868554,14.479837163353295,-7.752275025278059,0.29524772497472196,-14.26541961577351
dev_roll_mean_200,100,9881,-0.21065936352656903,0.21065936352656903,-0.27101113793994003,0.007604993892576232,13.744638718591531,-0.2074182775022771,14.290810646695679,-18.479999999999563,7.395348837209302,0.6157735085945399,17.735000000000582,-7.4009100101112235,0.31445904954499493,-14.796258847320527
dev_roll_median_200,100,9881,-0.1945949621552585,0.1945949621552585,-0.2420537572153449,-0.18760752960226698,14.21541246046892,-0.2074182775022771,14.290810646695679,-19.0,7.482089552238806,0.6029850746268657,18.0,-6.949814126394052,0.3159851301115242,-14.431903678632857
z_roll_mean_200,100,9881,-0.1695785142665896,0.1695785142665896,-2.1714585240913746,0.009132750697253741,1.3808896936558837,-0.2074182775022771,14.290810646695679,-1.8278415582394647,6.198685540950455,0.60262891809909,1.8026163062028169,-4.074823053589484,0.3852376137512639,-10.27350859453994
dev_ema_100,100,9881,-0.140906476207038,0.140906476207038,-0.29011463787747843,-0.008970084089847936,8.58817752571113,-0.2074182775022771,14.290810646695679,-11.315581708055106,4.698179979777553,0.5480283114256825,10.945584192853858,-4.914560161779575,0.38827098078867545,-9.61274014155713
bid_gap_23,100,159,0.12319391407779309,0.12319391407779309,4.1376404494382015,2.440251572327044,0.49798575253567734,-2.0660377358490565,13.581761006289309,2.0,-3.8876404494382024,0.3707865168539326,3.0,0.25,0.5142857142857142,4.137640449438202
ask_gap_23,100,189,0.12013436311923008,0.12013436311923008,4.516298153635741,2.433862433862434,0.49692287397243406,4.052910052910053,15.412698412698413,2.0,2.0934579439252334,0.5420560747663551,3.0,6.609756097560975,0.6585365853658537,4.516298153635741
dev_roll_mean_100,100,9881,-0.10585052692131677,0.10585052692131677,-0.18434667005993427,-0.021033901712395425,10.153071111321047,-0.2074182775022771,14.290810646695679,-13.030000000000655,2.8656565656565656,0.5050505050505051,12.944999999999709,-3.4979777553083924,0.4206268958543984,-6.363634320964958
dev_roll_median_100,100,9881,-0.10215459848716928,0.10215459848716928,-0.17154714104028643,-0.10899706507438518,10.529654889943316,-0.2074182775022771,14.290810646695679,-13.0,2.671833480956599,0.5013286093888397,13.0,-3.041967509025271,0.4287003610108303,-5.71380098998187
z_roll_mean_100,100,9881,-0.09531304914898588,0.09531304914898588,-1.2296001147121367,-0.013831768716377977,1.3706550454089994,-0.2074182775022771,14.290810646695679,-1.8158830738892167,4.1193124368048535,0.5581395348837209,1.7761157350857917,-1.7457027300303336,0.4671385237613751,-5.865015166835187
dev_ema_50,100,9891,-0.08459144769916759,0.08459144769916759,-0.2415941249582466,-0.010595573935160515,6.1883427361685195,-0.20346779900920028,14.280103124052168,-7.88380179712658,3.23989898989899,0.5222222222222223,8.051958734999062,-2.546969696969697,0.45555555555555555,-5.7868686868686865
past_ret_50,100,9850,-0.07400937596728997,0.07400937596728997,-0.10448254469703529,-0.013756345177664974,12.527463529097304,-0.25756345177664974,14.286294416243654,-16.0,1.1123120300751879,0.48026315789473684,16.0,-1.8876909254267744,0.46001796945193174,-3.0000029555019623
dev_roll_median_50,100,9891,-0.06805640853861103,0.06805640853861103,-0.16161023182276887,-0.05267414821554949,7.442767349642735,-0.20346779900920028,14.280103124052168,-9.0,2.8204347826086957,0.5313043478260869,9.5,-0.9501915708812261,0.4837164750957854,-3.770626353489922
z_roll_mean_50,100,9891,-0.06755008822214222,0.06755008822214222,-0.8813268028620413,-0.020962290956350764,1.3546378705259752,-0.20346779900920028,14.280103124052168,-1.7758600218972285,3.074242424242424,0.5474747474747474,1.754278633907879,-1.7803030303030303,0.4686868686868687,-4.8545454545454545
dev_roll_mean_50,100,9891,-0.06508657083712246,0.06508657083712246,-0.160684247853398,-0.013792292615160691,7.158999906762277,-0.20346779900920028,14.280103124052168,-9.159999999999854,2.7808080808080806,0.5292929292929293,9.399999999999636,-1.2124874118831823,0.48439073514602216,-3.9932954926912627
dev_ema_20,100,9897,-0.05553928347940177,0.05553928347940177,-0.2517357885768434,-0.004325000161145471,3.8982337267602833,-0.20061634838840053,14.274173992118824,-4.973885267553851,2.7747474747474747,0.5404040404040404,4.954236150869837,-1.6636363636363636,0.46565656565656566,-4.438383838383839
roll_vol_ret1_200,100,9880,0.0552544145407969,0.0552544145407969,7.2931977440083955,2.182462378918712,0.13396912261337823,-0.2083502024291498,14.291346153846154,1.997780646690293,-1.3299595141700404,0.4665991902834008,2.348398363645276,-1.8616161616161617,0.47878787878787876,-0.5316566474461213
dev_roll_median_20,100,9897,-0.05041152953963488,0.05041152953963488,-0.1872001604618174,-0.017732646256441345,4.758129110844624,-0.20061634838840053,14.274173992118824,-6.0,1.9009302325581396,0.52,6.0,-2.276844070961718,0.4649859943977591,-4.177774303519858
dev_roll_mean_20,100,9897,-0.04949375417618409,0.04949375417618409,-0.1920212463844107,-0.005624193648650009,4.554216548689698,-0.20061634838840053,14.274173992118824,-5.809999999999854,2.312121212121212,0.5282828282828282,5.735000000000209,-2.1151515151515152,0.4686868686868687,-4.427272727272728
dev_ema_10,100,9898,-0.04704800782391518,0.04704800782391518,-0.3086643422585237,-0.001931097302928313,2.693067882215657,-0.20009092746009294,14.273237017579309,-3.3992211854898415,1.4202020202020202,0.5151515151515151,3.416341716030188,-1.91010101010101,0.4616161616161616,-3.33030303030303
past_ret_20,100,9880,-0.0459154886178141,0.0459154886178141,-0.10094196465563535,-0.012651821862348178,8.043465020726861,-0.2083502024291498,14.291346153846154,-10.0,1.4128721541155866,0.5271453590192644,10.0,-1.4177908937605397,0.4797639123102867,-2.8306630478761265
past_ret_10,100,9890,-0.04320050346736133,0.04320050346736133,-0.12955729833337523,-0.006471183013144591,5.893629237787658,-0.20369059656218402,14.281344792719919,-7.5,1.548913043478261,0.5187747035573123,7.5,-1.395,0.489,-2.943913043478261
dev_roll_median_10,100,9898,-0.04282482693633701,0.04282482693633701,-0.2251211702354298,-0.009016973125884018,3.361025459972516,-0.20009092746009294,14.273237017579309,-4.0,1.6061475409836066,0.5204918032786885,4.0,-1.4184168012924072,0.4693053311793215,-3.0245643422760136
dev_roll_mean_10,100,9898,-0.04270287415571483,0.04270287415571483,-0.2356771355331117,-0.0022544637845731707,3.2013427855015166,-0.20009092746009294,14.273237017579309,-4.049999999999272,1.7248490945674044,0.5251509054325956,4.049999999999272,-1.8865213082259662,0.46778989098116946,-3.6113704027933706
z_roll_mean_20,100,9897,-0.03879888148856822,0.03879888148856822,-0.541047423142518,-0.0014184619865663423,1.267057830470012,-0.20061634838840053,14.274173992118824,-1.6835092961901406,1.5747474747474748,0.5242424242424243,1.6744200895865673,-1.298989898989899,0.47474747474747475,-2.8737373737373737
book_wap_edge_L3,100,9900,0.038028922498388955,0.038028922498388955,0.9799827032880575,0.01913748590221039,0.6855634841926016,-0.19914141414141415,14.271262626262626,-0.35365853658549895,-1.330978809283552,0.44904137235116043,0.35365853658549895,0.7391513982642237,0.49951783992285437,2.0701302075477757
z_roll_mean_10,100,9898,-0.03601002998401213,0.03601002998401213,-0.5459942199139456,0.0018456569471061678,1.1652737445843395,-0.20009092746009294,14.273237017579309,-1.5439507074410879,1.5797979797979798,0.5222222222222223,1.550441862072975,-0.8752525252525253,0.48787878787878786,-2.455050505050505
roll_vol_ret1_50,100,9890,-0.03597798479312912,0.03597798479312912,-2.362667780269271,2.17744002034541,0.2691473209331843,-0.20369059656218402,14.281344792719919,1.8433554143662907,-1.1445904954499495,0.44287158746208294,2.515267665275207,-6.431749241658241,0.3862487360970677,-5.287158746208291
past_ret_5,100,9895,-0.03595163026781059,0.03595163026781059,-0.1479692728736496,-0.0031328954017180396,4.2933822892599025,-0.20166750884284992,14.276048509348156,-5.5,1.2220058422590068,0.5131450827653359,5.0,-1.0513819985825656,0.479801559177888,-2.2733878408415724
book_wap_edge_L2,100,9900,0.03471302579270357,0.03471302579270357,1.342057077104211,0.012886249882103951,0.45695512419303225,-0.19914141414141415,14.271262626262626,-0.35365853658549895,-1.330978809283552,0.44904137235116043,0.35365853658549895,0.7391513982642237,0.49951783992285437,2.0701302075477757
ask_size_3,100,9900,0.034261191753632306,0.034261191753632306,0.17453545855318897,0.4798989898989899,3.467934303015603,-0.19914141414141415,14.271262626262626,0.0,-0.2818968180413964,0.4824425908763258,0.0,-0.19914141414141415,0.48454545454545456,0.08275540389998223
imbalance_L2,100,9900,0.034041687614719436,0.034041687614719436,9.94788363393423,0.0009509541734500133,0.060455031666320165,-0.19914141414141415,14.271262626262626,0.0,-0.2818968180413964,0.4824425908763258,0.0,-0.16866851452622933,0.4853711117955035,0.11322830351516705
imbalance_L3,100,9900,-0.033387235439126,0.033387235439126,-35.00441792768778,-0.00025922174059189013,0.01685037873523803,-0.19914141414141415,14.271262626262626,0.0,-0.16866851452622933,0.4853711117955035,0.0,-0.2818968180413964,0.4824425908763258,-0.11322830351516705
ask_gap_12,100,9900,0.032316430759561844,0.032316430759561844,0.5891721038180103,2.616262626262626,0.9690212035115678,-0.19914141414141415,14.271262626262626,2.0,-0.4582560296846011,0.48299319727891155,3.0,0.049811843929490986,0.4860368389780155,0.5080678736140921
past_ret_3,100,9897,-0.03154826538456397,0.03154826538456397,-0.16331351588865187,-0.0017176922299686774,3.4132328855093856,-0.20061634838840053,14.274173992118824,-4.0,0.20096352374397797,0.4865794907088782,4.0,-1.1594301221166894,0.4701492537313433,-1.3603936458606674
past_ret_2,100,9898,-0.029773840738550057,0.029773840738550057,-0.18295661735639007,-0.0008082440897150939,2.8752741659109704,-0.20009092746009294,14.273237017579309,-4.0,-0.36991485335856195,0.47114474929044464,4.0,-1.4754571703561117,0.45620789220404234,-1.1055423169975498
mid_change,100,9899,-0.027828732002453598,0.027828732002453598,-0.22480959437576958,-0.0004040812203252854,2.187015503801694,-0.199464592383069,14.272401252651782,-3.0,0.04144144144144144,0.4918918918918919,3.0,-1.0772727272727274,0.47454545454545455,-1.1187141687141688
past_ret_1,100,9899,-0.027828732002453598,0.027828732002453598,-0.22480959437576958,-0.0004040812203252854,2.187015503801694,-0.199464592383069,14.272401252651782,-3.0,0.04144144144144144,0.4918918918918919,3.0,-1.0772727272727274,0.47454545454545455,-1.1187141687141688
ask_change,100,9899,-0.026311242376375908,0.026311242376375908,-0.1847596105241491,-0.0004040812203252854,2.5159824219080877,-0.199464592383069,14.272401252651782,-3.0,-0.08007279344858963,0.4886260236578708,3.0,-0.5857275254865616,0.48285449490268767,-0.505654732037972
bid_gap_12,100,9900,-0.025627757301047785,0.025627757301047785,-0.5597223078230203,2.5765656565656565,0.8088910938623283,-0.19914141414141415,14.271262626262626,2.0,0.2169446704637917,0.49145646867371845,3.0,-0.6095505617977528,0.4777287319422151,-0.8264952322615445
imbalance_L1,100,9900,0.024944227232498267,0.024944227232498267,7.543104891389268,0.0008784826851922634,0.05842140194736348,-0.19914141414141415,14.271262626262626,0.0,-0.27485590778097985,0.4826060107039934,0.0,-0.17314795813667144,0.4853273137697517,0.1017079496443084
micro_edge_L1,100,9900,0.024329031210915193,0.024329031210915193,1.8656103623027693,0.0009827461997347292,0.23038592204513933,-0.19914141414141415,14.271262626262626,0.0,-0.27485590778097985,0.4826060107039934,0.0,-0.17314795813667144,0.4853273137697517,0.1017079496443084
bid_change,100,9899,-0.02366968458489737,0.02366968458489737,-0.17826610388678618,-0.0004040812203252854,2.3458324154822074,-0.199464592383069,14.272401252651782,-3.0,-0.27813653136531363,0.48247232472324725,3.0,-0.9217148182665424,0.46971109040074555,-0.6435782869012288
spread,100,9900,-0.023627921369542067,0.023627921369542067,-0.2768288836322166,15.702929292929293,1.5078779237602213,-0.19914141414141415,14.271262626262626,16.0,-0.08943877551020409,0.4866326530612245,16.0,-0.3442087217400621,0.4821600771456123,-0.25476994622985805
half_spread,100,9900,-0.023627921369542067,0.023627921369542067,-0.5536577672644332,7.851464646464646,0.7539389618801107,-0.19914141414141415,14.271262626262626,8.0,-0.08943877551020409,0.4866326530612245,8.0,-0.3442087217400621,0.4821600771456123,-0.25476994622985805
roll_vol_ret1_20,100,9896,-0.023197385434039913,0.023197385434039913,-0.959668437942956,2.1636997093309254,0.4271197293184833,-0.2012429264349232,14.275010105092967,1.6547379661641513,2.4565656565656564,0.5282828282828282,2.7453309646130433,-1.854040404040404,0.4484848484848485,-4.3106060606060606
roll_vol_ret1_10,100,9897,-0.017837331532055918,0.017837331532055918,-0.5200904668626845,2.135879951585961,0.6059873459595632,-0.20061634838840053,14.274173992118824,1.4298407059684748,1.696969696969697,0.5070707070707071,2.946749395628932,-0.201010101010101,0.502020202020202,-1.897979797979798
bid_size_1,100,9900,0.017165009402663772,0.017165009402663772,0.16565008568181905,12.375757575757575,1.8306463252348748,-0.19914141414141415,14.271262626262626,10.0,-0.7002218524681088,0.4620077648363838,15.0,0.5546163849154746,0.5065019505851756,1.2548382373835834
bid_depth_L1,100,9900,0.017165009402663772,0.017165009402663772,0.16565008568181905,12.375757575757575,1.8306463252348748,-0.19914141414141415,14.271262626262626,10.0,-0.7002218524681088,0.4620077648363838,15.0,0.5546163849154746,0.5065019505851756,1.2548382373835834
ask_depth_L3,100,9900,0.017015599225824695,0.017015599225824695,0.08131743678210464,37.60656565656566,3.696712147068663,-0.19914141414141415,14.271262626262626,33.0,-0.6157635467980296,0.47712878254750174,42.0,0.790270618556701,0.5051546391752577,1.4060341653547306
bid_size_3,100,9900,-0.016889919894479723,0.016889919894479723,-0.09381273331496656,0.4033333333333333,3.1806645425151854,-0.19914141414141415,14.271262626262626,0.0,-0.16866851452622933,0.4853711117955035,0.0,-0.19914141414141415,0.48454545454545456,-0.030472899615184817
ask_size_2,100,9900,-0.01630831473646354,0.01630831473646354,-0.08072881657479895,24.76818181818182,3.5688850961683,-0.19914141414141415,14.271262626262626,20.0,-0.34351503759398494,0.4924812030075188,29.0,-0.7721843003412969,0.46359499431171786,-0.428669262747312
bid_depth_L2,100,9900,0.016020828371970035,0.016020828371970035,0.06736572958086565,37.182020202020205,4.201438566548801,-0.19914141414141415,14.271262626262626,32.0,-0.7720156555772995,0.46868884540117417,42.0,0.5290162774239208,0.4982307147912243,1.3010319330012203
ask_depth_L2,100,9900,-0.012994241683335803,0.012994241683335803,-0.05335007300463751,37.126666666666665,4.302966741688669,-0.19914141414141415,14.271262626262626,32.0,0.3580305927342256,0.497131931166348,42.0,0.3530249110320285,0.49395017793594304,-0.005005681702197118
roll_vol_ret1_500,100,9880,-0.012741524828457442,0.012741524828457442,-2.989703877784459,2.1855101222165234,0.07536139874023785,-0.2083502024291498,14.291346153846154,2.0837217165674957,2.741396761133603,0.5708502024291497,2.274426439599056,0.4812753036437247,0.5020242914979757,-2.2601214574898787
roll_vol_ret1_100,100,9880,-0.010584496478884608,0.010584496478884608,-0.9782487975155003,2.18153768012272,0.19132714919689411,-0.2083502024291498,14.291346153846154,1.9301959915139533,-2.214574898785425,0.42611336032388664,2.4335865334080227,-7.394230769230769,0.3451417004048583,-5.179655870445345
total_depth_L3,100,9900,0.010564874261034146,0.010564874261034146,0.02577921332393924,75.1919191919192,7.240136258472764,-0.19914141414141415,14.271262626262626,66.0,-0.6342329545454546,0.47514204545454547,84.0,0.6283562540929928,0.5003274394237066,1.2625892086384474
bid_size_2,100,9900,0.01021841259376406,0.01021841259376406,0.05140154306195708,24.806262626262626,3.5120391230186296,-0.19914141414141415,14.271262626262626,20.0,-1.3389423076923077,0.46442307692307694,29.0,-0.5816326530612245,0.4699546485260771,0.7573096546310832
total_depth_L1,100,9900,0.009575989491510187,0.009575989491510187,0.04805491297604496,24.734242424242424,3.5204479939357207,-0.19914141414141415,14.271262626262626,20.0,-0.5196399345335515,0.46699399890889254,30.0,0.4636963696369637,0.5042904290429043,0.9833363041705152
ask_size_1_change,100,9899,-0.009352042880697676,0.009352042880697676,-0.06342294867214483,0.0,2.605153665590121,-0.199464592383069,14.272401252651782,-3.0,-0.3361970217640321,0.47880870561282934,3.0,-0.39254513686662784,0.48398369248689577,-0.05634811510259574
bid_size_1_change,100,9899,0.007026119896686209,0.007026119896686209,0.04807546597969389,0.0,2.5820541115626106,-0.199464592383069,14.272401252651782,-3.0,-0.8706051873198847,0.46397694524495675,3.0,-0.2293739028671738,0.48332358104154477,0.6412312844527108
roll_vol_ret1_1000,100,9880,-0.006648204304518572,0.006648204304518572,-2.4245773873084615,2.187182741906735,0.04848685631874852,-0.2083502024291498,14.291346153846154,2.1346050076153484,1.3760121457489878,0.4797570850202429,2.249648778707337,3.5845141700404857,0.5668016194331984,2.208502024291498
spread_change,100,9899,-0.005012613703702302,0.005012613703702302,-0.04159053433753732,0.0,2.129330242653602,-0.199464592383069,14.272401252651782,0.0,-0.20509499136442141,0.4835924006908463,0.0,-0.22558541059674111,0.48429912593072194,-0.0204904192323197
bid_depth_L3,100,9900,0.0036978298941549434,0.0036978298941549434,0.017776531312006155,37.58535353535353,3.6749545665258947,-0.19914141414141415,14.271262626262626,33.0,-0.6569726699369306,0.4758234057463209,42.0,0.17677756033920417,0.48988910632746246,0.8337502302761348
total_depth_L2,100,9900,0.001465262554522621,0.001465262554522621,0.0033281467412285075,74.30868686868686,7.7779482987665824,-0.19914141414141415,14.271262626262626,64.0,0.06497418244406196,0.48881239242685026,84.0,0.4888005780346821,0.49710982658959535,0.42382639559062013
ask_size_1,100,9900,0.0012341686153328863,0.0012341686153328863,0.011757364737780223,12.35848484848485,1.8544561750265705,-0.19914141414141415,14.271262626262626,10.0,-0.20969498910675383,0.4738562091503268,15.0,0.38953866146848604,0.5016244314489928,0.5992336505752398
ask_depth_L1,100,9900,0.0012341686153328863,0.0012341686153328863,0.011757364737780223,12.35848484848485,1.8544561750265705,-0.19914141414141415,14.271262626262626,10.0,-0.20969498910675383,0.4738562091503268,15.0,0.38953866146848604,0.5016244314489928,0.5992336505752398
dev_global_mean,200,9800,-0.45348744153117704,0.45348744153117704,-0.4088329520530302,0.03356326530547634,25.533077793465907,-0.3432142857142857,18.992704081632652,-34.962100000000646,18.37874251497006,0.845309381237525,34.037899999999354,-25.78735059760956,0.09362549800796813,-44.16609311257962
z_global_mean,200,9800,-0.45348744153117704,0.45348744153117704,-10.355067349080736,0.0013251259864181734,1.0080826340766418,-0.3432142857142857,18.992704081632652,-1.3803539920232795,18.37874251497006,0.845309381237525,1.3438652467983165,-25.78735059760956,0.09362549800796813,-44.16609311257962
z_roll_mean_500,200,9781,-0.3845753090170203,0.3845753090170203,-6.883447618197019,0.07575848352372923,1.287193310925876,-0.3544627338717922,19.018198548205707,-1.6734983423668424,15.913687436159346,0.7374872318692544,1.6807149620273731,-15.241062308478039,0.21144024514811033,-31.154749744637385
dev_ema_500,200,9781,-0.3612995049626565,0.3612995049626565,-0.5431344410888489,0.3155734077731241,15.325985555142505,-0.3544627338717922,19.018198548205707,-20.818572898002458,11.078140960163433,0.6721144024514811,20.273014143152977,-17.84422880490296,0.16036772216547499,-28.922369765066392
dev_roll_median_500,200,9781,-0.35764521713872405,0.35764521713872405,-0.47371470547008515,0.12981801451794295,17.394179329524434,-0.3544627338717922,19.018198548205707,-24.0,11.177371541501977,0.6640316205533597,22.0,-14.467022308438409,0.20562560620756548,-25.644393849940386
dev_ema_1000,200,9781,-0.3494428081458867,0.3494428081458867,-0.4252988398988341,0.41173596695772385,18.92998618637771,-0.3544627338717922,19.018198548205707,-26.053092725043825,11.493360572012257,0.7037793667007151,25.836991028076227,-17.67926455566905,0.1787538304392237,-29.172625127681307
dev_roll_mean_500,200,9781,-0.3488443508072803,0.3488443508072803,-0.4619777501019171,0.36963130082150786,17.39718666696471,-0.3544627338717922,19.018198548205707,-23.034999999999854,11.46220633299285,0.6741573033707865,22.69499999999971,-15.075587334014301,0.1920326864147089,-26.53779366700715
dev_roll_mean_200,200,9781,-0.34012110158428976,0.34012110158428976,-0.5707269938330696,0.15786243171992095,13.730095292292312,-0.3544627338717922,19.018198548205707,-18.479999999999563,11.246680286006129,0.669050051072523,17.80249999999978,-15.755362614913176,0.21041879468845762,-27.002042900919307
dev_ema_200,200,9781,-0.3388404066549226,0.3388404066549226,-0.6896937177147874,0.16161819989165235,11.31898052218957,-0.3544627338717922,19.018198548205707,-15.462876976038388,10.493360572012257,0.6435137895812053,14.53816899024605,-16.43309499489275,0.19918283963227784,-26.926455566905005
dev_roll_median_200,200,9781,-0.3378234188426471,0.3378234188426471,-0.5480486653425025,-0.033151007054493406,14.201656914932286,-0.3544627338717922,19.018198548205707,-19.0,11.784708249496981,0.6770623742454729,18.0,-15.41403345724907,0.21096654275092938,-27.198741706746052
dev_roll_median_1000,200,9781,-0.32782732522943736,0.32782732522943736,-0.35254130373570974,0.6375881811675698,21.42414664887339,-0.3544627338717922,19.018198548205707,-30.0,7.300709939148073,0.6288032454361054,27.5,-17.837537840565087,0.18062563067608475,-25.13824777971316
z_roll_mean_1000,200,9781,-0.322911872025456,0.322911872025456,-5.806486486208891,0.10969332557608902,1.2812650542011943,-0.3544627338717922,19.018198548205707,-1.6099010635974484,10.848314606741573,0.6659856996935649,1.7964117781792865,-15.879979570990807,0.21654749744637386,-26.72829417773238
z_roll_mean_200,200,9781,-0.32288893012446357,0.32288893012446357,-5.402740420401149,0.02594918797977206,1.3769159869546332,-0.3544627338717922,19.018198548205707,-1.818345804258659,11.348314606741573,0.6261491317671093,1.8078859696734302,-13.896322778345251,0.2512768130745659,-25.244637385086826
dev_roll_mean_1000,200,9781,-0.3158309357328135,0.3158309357328135,-0.3354112003730842,0.4753711748705627,21.694292658419112,-0.3544627338717922,19.018198548205707,-30.69036427732135,7.72267620020429,0.6149131767109295,27.691000000000713,-18.671092951991827,0.1644535240040858,-26.393769152196118
dev_ema_100,200,9781,-0.270382578585184,0.270382578585184,-0.7257101468104123,0.07341491634705506,8.5838851552945,-0.3544627338717922,19.018198548205707,-11.292302806090447,9.631256384065372,0.6455566905005107,10.989000202696843,-13.633299284984679,0.26149131767109296,-23.26455566905005
dev_roll_mean_100,200,9781,-0.24272687540997234,0.24272687540997234,-0.551368619988171,0.07718628127796999,10.142481126440718,-0.3544627338717922,19.018198548205707,-12.895000000000437,7.874489795918367,0.5969387755102041,12.989999999999782,-11.795199182839632,0.2972420837589377,-19.669688978758
dev_roll_median_100,200,9781,-0.23196495339962908,0.23196495339962908,-0.5076309207472042,-0.019118699519476538,10.527922872073397,-0.3544627338717922,19.018198548205707,-13.0,8.034184138559707,0.6071103008204193,13.0,-10.48826714801444,0.3140794223826715,-18.522451286574146
z_roll_mean_100,200,9781,-0.22515073060420043,0.22515073060420043,-3.7825228146161907,-0.0019611431822776425,1.371387519477593,-0.3544627338717922,19.018198548205707,-1.8107429415718321,9.29826353421859,0.6475995914198162,1.7821107280433013,-7.965270684371808,0.3799795709908069,-17.263534218590397
dev_ema_50,200,9791,-0.19045507723671026,0.19045507723671026,-0.7079190504313388,0.03062216416722064,6.195322173304887,-0.3509855990195077,19.002706567255643,-7.853882225275811,7.538265306122449,0.6040816326530613,8.088350251693555,-9.040816326530612,0.3551020408163265,-16.57908163265306
past_ret_50,200,9750,-0.1854401188216434,0.1854401188216434,-0.3413747127928542,0.07887179487179487,12.534055967228392,-0.3607692307692308,19.062923076923077,-16.0,4.750717703349283,0.5559808612440191,16.5,-8.304791029561672,0.3690112130479103,-13.055508732910955
dev_roll_mean_50,200,9791,-0.15852706601791985,0.15852706601791985,-0.508961458687693,0.024371405754616684,7.172548044131623,-0.3509855990195077,19.002706567255643,-9.139999999999418,6.530581039755352,0.5779816513761468,9.44000000000051,-7.313965341488277,0.39551478083588176,-13.844546381243628
dev_roll_median_50,200,9791,-0.1572631677796496,0.1572631677796496,-0.48559497851348393,-0.013583903584924931,7.457749178750829,-0.3509855990195077,19.002706567255643,-9.0,6.599206349206349,0.5670194003527337,9.75,-6.528032619775739,0.40672782874617736,-13.127238968982088
z_roll_mean_50,200,9791,-0.14518098513711708,0.14518098513711708,-2.464800872482792,-0.013491288844676125,1.356384569566967,-0.3509855990195077,19.002706567255643,-1.7734418879930867,4.310714285714286,0.5612244897959183,1.7570365146321785,-5.709183673469388,0.4357142857142857,-10.019897959183673
dev_ema_20,200,9797,-0.11988163717797279,0.11988163717797279,-0.7063288913723378,0.00855630112796321,3.9073424892451136,-0.3464836174339083,18.995355721139124,-4.979237748959713,4.71530612244898,0.563265306122449,4.983896936109157,-5.846938775510204,0.4142857142857143,-10.562244897959184
bid_gap_23,200,156,0.11756675956754084,0.11756675956754084,5.497001499250377,2.4423076923076925,0.4982599996942212,-1.580128205128205,19.60576923076923,2.0,-4.011494252873563,0.47126436781609193,3.0,1.4855072463768115,0.5507246376811594,5.497001499250374
past_ret_20,200,9780,-0.11263405883684814,0.11263405883684814,-0.3217807802258763,0.015950920245398775,8.064908297612874,-0.3549079754601227,19.019734151329242,-10.0,4.060176991150443,0.552212389380531,10.0,-4.731028667790894,0.42158516020236086,-8.791205658941337
roll_vol_ret1_200,200,9780,0.10666788018015946,0.10666788018015946,18.28417731715952,2.182097496792608,0.13441509383534536,-0.3549079754601227,19.019734151329242,1.9964711329975546,-0.4534764826175869,0.43660531697341515,2.348799543699377,-1.4964249233912155,0.5188968335035751,-1.0429484407736287
dev_roll_mean_20,200,9797,-0.10323485793153647,0.10323485793153647,-0.5204222149348218,0.006411386695857576,4.566740386463392,-0.3464836174339083,18.995355721139124,-5.825000000000728,4.03763987792472,0.5564598168870803,5.75,-5.144444444444445,0.4161616161616162,-9.182084322369164
dev_roll_median_20,200,9797,-0.10308399365711964,0.10308399365711964,-0.4973956599385252,-0.0031131979177299175,4.7711715217139785,-0.3464836174339083,18.995355721139124,-6.0,3.363721804511278,0.5488721804511278,6.0,-5.260504201680672,0.41643323996265175,-8.62422600619195
z_roll_mean_20,200,9797,-0.09708270182498382,0.09708270182498382,-1.7613318250432806,0.002354361122808568,1.2689264715967603,-0.3464836174339083,18.995355721139124,-1.6846919269708382,2.8035714285714284,0.5561224489795918,1.6812036565325865,-4.436734693877551,0.44081632653061226,-7.240306122448979
dev_ema_10,200,9798,-0.08971292553839405,0.08971292553839405,-0.7652780357897108,0.00326940570627793,2.6986902709268055,-0.34552969993876304,18.99433557868953,-3.406642041028317,2.65,0.5336734693877551,3.4298013733345214,-4.6571428571428575,0.43673469387755104,-7.307142857142857
roll_vol_ret1_100,200,9780,0.08661660296956576,0.08661660296956576,10.49047535949808,2.1788993491790527,0.19023734603738193,-0.3549079754601227,19.019734151329242,1.929410858947939,-5.014811031664964,0.39938712972420837,2.424131626054473,-1.927402862985685,0.4734151329243354,3.087408168679279
past_ret_10,200,9790,-0.08617694875941426,0.08617694875941426,-0.33584836058788536,0.005771195097037793,5.909133542435732,-0.3515321756894791,19.004136874361592,-7.5,3.0611940298507463,0.5353233830845772,7.5,-3.7467467467467466,0.44344344344344344,-6.807940776597492
dev_roll_mean_10,200,9798,-0.07832541669920233,0.07832541669920233,-0.5619003763664778,0.0024530840437128757,3.2089331076359504,-0.34552969993876304,18.99433557868953,-4.049999999999272,2.6879432624113475,0.5390070921985816,4.100000000000364,-4.195121951219512,0.44308943089430897,-6.88306521363086
z_roll_mean_10,200,9798,-0.0775489817530547,0.0775489817530547,-1.5304317065687085,0.003278847097054421,1.1664856973549753,-0.34552969993876304,18.99433557868953,-1.5482140051237563,2.870408163265306,0.5459183673469388,1.5510640383681866,-2.9964285714285714,0.45816326530612245,-5.8668367346938775
dev_roll_median_10,200,9798,-0.07715855222922387,0.07715855222922387,-0.5272902839064993,-0.004771381914676465,3.368616520503998,-0.34552969993876304,18.99433557868953,-4.0,3.041288191577209,0.5516102394715111,4.0,-3.5519059205190593,0.45093268450932683,-6.593194112096269
roll_vol_ret1_1000,200,9780,0.07138755088651234,0.07138755088651234,33.76106418176318,2.187113769965257,0.04871875200091693,-0.3549079754601227,19.019734151329242,2.134484463260145,-3.186605316973415,0.37321063394683024,2.249992412582411,8.13803680981595,0.7014314928425358,11.324642126789366
past_ret_5,200,9795,-0.06584823221710025,0.06584823221710025,-0.3524093632058236,0.0018376722817764165,4.302022677059826,-0.34788157223072996,18.997907095456867,-5.5,1.7706286836935168,0.5245579567779961,5.5,-3.29989816700611,0.46334012219959264,-5.070526850699627
past_ret_3,200,9797,-0.05403980174995975,0.05403980174995975,-0.36424419004873415,0.0012248647545166887,3.41552052422032,-0.3464836174339083,18.995355721139124,-4.0,1.2252785515320335,0.5181058495821727,4.0,-2.2331058020477816,0.47030716723549487,-3.458384353579815
past_ret_2,200,9798,-0.04689498947044377,0.04689498947044377,-0.375483346547699,0.0009185548071034905,2.875100536703468,-0.34552969993876304,18.99433557868953,-4.0,0.9186602870813397,0.5186602870813397,4.0,-2.258220502901354,0.4748549323017408,-3.1768807899826936
mid_change,200,9799,-0.037404113646834845,0.037404113646834845,-0.3941563967425389,0.0004082049188692724,2.184501121245357,-0.3442698234513726,18.99362179814267,-3.0,0.593436645396536,0.512306289881495,3.0,-1.6775528978840846,0.48758049678012877,-2.2709895432806206
past_ret_1,200,9799,-0.037404113646834845,0.037404113646834845,-0.3941563967425389,0.0004082049188692724,2.184501121245357,-0.3442698234513726,18.99362179814267,-3.0,0.593436645396536,0.512306289881495,3.0,-1.6775528978840846,0.48758049678012877,-2.2709895432806206
ask_change,200,9799,-0.034595745443892746,0.034595745443892746,-0.3173894993993325,0.0004082049188692724,2.509178870572907,-0.3442698234513726,18.99362179814267,-3.0,0.38720073664825044,0.505524861878453,3.0,-1.2556179775280898,0.4934456928838951,-1.6428187141763402
bid_change,200,9799,-0.03270044538730765,0.03270044538730765,-0.321302035056424,0.0004082049188692724,2.342834845656275,-0.3442698234513726,18.99362179814267,-3.0,0.49673507462686567,0.5102611940298507,3.0,-1.360377358490566,0.48962264150943396,-1.8571124331174318
roll_vol_ret1_50,200,9790,0.030730990128601733,0.030730990128601733,2.648365428485598,2.174707082759927,0.2672234505315319,-0.3515321756894791,19.004136874361592,1.8426910224130466,-1.4841997961264017,0.4872579001019368,2.5091668671786125,-4.498980632008155,0.4475025484199796,-3.014780835881753
book_wap_edge_L3,200,9800,0.024740821567009436,0.024740821567009436,0.8347354222048572,0.018810709345054827,0.6822586812506591,-0.3432142857142857,18.992704081632652,-0.35294117647026724,-0.7152444870565676,0.4956855225311601,0.35365853658549895,1.3470588235294119,0.5323529411764706,2.0623033105859796
book_wap_edge_L2,200,9800,0.023876706699870447,0.023876706699870447,1.207580304020271,0.01264647486305096,0.45513706049239216,-0.3432142857142857,18.992704081632652,-0.35294117647026724,-0.7152444870565676,0.4956855225311601,0.35365853658549895,1.3470588235294119,0.5323529411764706,2.0623033105859796
spread,200,9800,-0.02340463051837817,0.02340463051837817,-0.3591561533739865,15.705816326530613,1.5000380465762932,-0.3432142857142857,18.992704081632652,16.0,-0.11453608247422681,0.5031958762886598,16.0,-0.56504329004329,0.49632034632034633,-0.4505072075690632
half_spread,200,9800,-0.02340463051837817,0.02340463051837817,-0.718312306747973,7.852908163265306,0.7500190232881466,-0.3432142857142857,18.992704081632652,8.0,-0.11453608247422681,0.5031958762886598,8.0,-0.56504329004329,0.49632034632034633,-0.4505072075690632
ask_size_3,200,9800,0.02243637104162869,0.02243637104162869,0.14980965059790738,0.4742857142857143,3.447439227642541,-0.3432142857142857,18.992704081632652,0.0,-0.41331253250130007,0.4984919396775871,0.0,-0.3432142857142857,0.49979591836734694,0.07009824678701437
ask_gap_12,200,9800,0.021750561707812536,0.021750561707812536,0.5190156782053292,2.6148979591836734,0.9646589470728444,-0.3432142857142857,18.992704081632652,2.0,-0.5563189673120966,0.4971892567145534,3.0,-0.13838302981789075,0.5023013808284971,0.4179359374942059
imbalance_L3,200,9800,-0.021053605802025997,0.021053605802025997,-28.79596382848613,-0.00026333726837686125,0.016829788739448175,-0.3432142857142857,18.992704081632652,0.0,-0.3232061385317296,0.49968892575694734,0.0,-0.41331253250130007,0.4984919396775871,-0.09010639396957049
imbalance_L2,200,9800,0.02002154533680269,0.02002154533680269,7.694854282782986,0.0009025885114630774,0.05989367911359377,-0.3432142857142857,18.992704081632652,0.0,-0.41331253250130007,0.4984919396775871,0.0,-0.3232061385317296,0.49968892575694734,0.09010639396957049
roll_vol_ret1_20,200,9796,0.019548771564862483,0.019548771564862483,1.060224937517244,2.1609417821051102,0.4244988287086937,-0.34733564720293997,18.996478154348715,1.6563271514752635,2.551530612244898,0.5581632653061225,2.7408940147331515,0.3122448979591837,0.503061224489796,-2.2392857142857143
bid_gap_12,200,9800,-0.018216434157257756,0.018216434157257756,-0.5199157706423986,2.5756122448979593,0.8065182031767009,-0.3432142857142857,18.992704081632652,2.0,0.09252413226535224,0.5068802628876566,3.0,-0.7734739403772054,0.4928006489555871,-0.8659980726425577
roll_vol_ret1_500,200,9780,-0.016088737957295863,0.016088737957295863,-4.917269854685818,2.1862221204785097,0.07538548533403938,-0.3549079754601227,19.019734151329242,2.0836581442542603,-0.35787321063394684,0.4775051124744376,2.274656044356755,0.9396728016359919,0.50920245398773,1.2975460122699387
imbalance_L1,200,9800,0.014866356739190349,0.014866356739190349,5.925758130076561,0.0008001660172523942,0.057748994340776925,-0.3432142857142857,18.992704081632652,0.0,-0.40654885654885653,0.49864864864864866,0.0,-0.3296196497046326,0.49963726811068504,0.07692920684422394
micro_edge_L1,200,9800,0.014021823765364594,0.014021823765364594,1.4155725635564227,0.0007259340274565463,0.2280111916597939,-0.3432142857142857,18.992704081632652,0.0,-0.40654885654885653,0.49864864864864866,0.0,-0.3296196497046326,0.49963726811068504,0.07692920684422394
ask_depth_L3,200,9800,0.010167571416851923,0.010167571416851923,0.06323843994933935,37.60530612244898,3.7010067788126646,-0.3432142857142857,18.992704081632652,33.0,-0.0035486160397444995,0.5060326472675657,42.0,0.02885862516212711,0.4915693904020752,0.032407241201871606
roll_vol_ret1_10,200,9797,0.009695552370023057,0.009695552370023057,0.3696021836841514,2.132774345638356,0.6039122144783482,-0.3464836174339083,18.995355721139124,1.4298407059684735,3.1809378185524975,0.5586136595310908,2.942787648599678,1.7469387755102042,0.5795918367346938,-1.4339990430422933
ask_depth_L2,200,9800,-0.009255503080827053,0.009255503080827053,-0.04964767847934636,37.131020408163266,4.291260514979369,-0.3432142857142857,18.992704081632652,32.0,0.13684719535783366,0.5145067698259188,42.0,-0.3851931330472103,0.48354792560801146,-0.522040328405044
ask_size_1,200,9800,-0.008320735165836883,0.008320735165836883,-0.10357733821242625,12.36357142857143,1.8491866521851867,-0.3432142857142857,18.992704081632652,10.0,-0.10038610038610038,0.5091009376723662,15.0,0.04947575360419397,0.5052424639580603,0.14986185399029434
ask_depth_L1,200,9800,-0.008320735165836883,0.008320735165836883,-0.10357733821242625,12.36357142857143,1.8491866521851867,-0.3432142857142857,18.992704081632652,10.0,-0.10038610038610038,0.5091009376723662,15.0,0.04947575360419397,0.5052424639580603,0.14986185399029434
bid_size_2,200,9800,0.008297669168671671,0.008297669168671671,0.054424134141857684,24.80438775510204,3.509525348665961,-0.3432142857142857,18.992704081632652,20.0,-1.4864077669902913,0.4883495145631068,29.0,-0.6401146131805158,0.4871060171919771,0.8462931538097755
bid_size_3,200,9800,-0.00744114469999274,0.00744114469999274,-0.05411839946094386,0.39948979591836736,3.165035623803766,-0.3432142857142857,18.992704081632652,0.0,-0.3232061385317296,0.49968892575694734,0.0,-0.3432142857142857,0.49979591836734694,-0.020008147182556113
bid_depth_L2,200,9800,0.007351029726389744,0.007351029726389744,0.040312186801854985,37.184183673469384,4.197547484559274,-0.3432142857142857,18.992704081632652,32.0,-0.6894164193867458,0.5044510385756676,42.0,-0.3566856330014225,0.48364153627311524,0.33273078638532333
ask_size_2,200,9800,-0.006826789133717442,0.006826789133717442,-0.044091366334730715,24.767448979591837,3.564074125538479,-0.3432142857142857,18.992704081632652,20.0,-0.7497625830959165,0.4985754985754986,29.0,-0.6710753306497987,0.4864864864864865,0.07868725244611774
bid_size_1_change,200,9799,0.006436517846286178,0.006436517846286178,0.05740429889143125,-0.0004082049188692724,2.5811190959791297,-0.3442698234513726,18.99362179814267,-3.0,-1.1160349854227405,0.4909620991253644,3.0,-0.21643997634535778,0.5020697811945595,0.8995950090773828
total_depth_L3,200,9800,0.006199780675438313,0.006199780675438313,0.019690245562460563,75.18897959183674,7.247846556156793,-0.3432142857142857,18.992704081632652,66.0,-0.009670487106017192,0.505730659025788,84.0,-0.11586570111915734,0.4878209348255431,-0.10619521401314015
ask_size_1_change,200,9799,-0.006097178532068886,0.006097178532068886,-0.054083729884263555,-0.0004082049188692724,2.5951577368311405,-0.3442698234513726,18.99362179814267,-3.0,-0.6371014492753623,0.4979710144927536,3.0,-0.4725987035945787,0.4997053624042428,0.1645027456807836
ask_gap_23,200,185,-0.005722506488477074,0.005722506488477074,-0.2701210826210831,2.437837837837838,0.49746714516341567,3.3,19.732432432432432,2.0,3.418269230769231,0.5673076923076923,3.0,3.1481481481481484,0.5679012345679012,-0.2701210826210825
spread_change,200,9799,-0.004815944735476062,0.004815944735476062,-0.052368480983830575,0.0,2.116961700695763,-0.3442698234513726,18.99362179814267,0.0,-0.2945698397121361,0.4998364409551848,0.0,-0.32755613690865487,0.49978199258774797,-0.0329862971965188
total_depth_L1,200,9800,-0.003882974647700173,0.003882974647700173,-0.02542393851579557,24.743367346938776,3.5156491064108186,-0.3432142857142857,18.992704081632652,20.0,-0.3582089552238806,0.5074626865671642,30.0,0.014980026631158456,0.503994673768309,0.373188981855039
bid_depth_L3,200,9800,0.001986099529949162,0.001986099529949162,0.012430167812792648,37.583673469387755,3.677966873975905,-0.3432142857142857,18.992704081632652,33.0,0.04452296819787986,0.5074204946996467,42.0,-0.5003282994090611,0.48391332895600786,-0.5448512676069409
total_depth_L2,200,9800,-0.0011401137926011406,0.0011401137926011406,-0.003376556364899374,74.31520408163266,7.772450993578541,-0.3432142857142857,18.992704081632652,64.0,-0.08674803836094158,0.5126416739319966,84.0,-0.3638344226579521,0.4829339143064633,-0.2770863842970105
bid_size_1,200,9800,0.0009488856238333793,0.0009488856238333793,0.011942848400166113,12.379795918367346,1.8288990907245652,-0.3432142857142857,18.992704081632652,10.0,-0.5014044943820225,0.505056179775281,15.0,0.033770491803278686,0.5042622950819672,0.5351749861853012
bid_depth_L1,200,9800,0.0009488856238333793,0.0009488856238333793,0.011942848400166113,12.379795918367346,1.8288990907245652,-0.3432142857142857,18.992704081632652,10.0,-0.5014044943820225,0.505056179775281,15.0,0.033770491803278686,0.5042622950819672,0.5351749861853012
z_global_mean,500,9500,-0.5428926816528139,0.5428926816528139,-15.28378797667707,-0.03344680430677492,1.0032454438202443,0.7252631578947368,22.746,-1.3803539920232795,24.317365269461078,0.9461077844311377,1.3043838085545254,-31.617117117117118,0.18018018018018017,-55.934482386578196
dev_global_mean,500,9500,-0.5428926816528138,0.5428926816528138,-0.6034259311323749,-0.8471526315795934,25.410559707206513,0.7252631578947368,22.746,-34.962100000000646,24.317365269461078,0.9461077844311377,33.037899999999354,-31.617117117117118,0.18018018018018017,-55.934482386578196
dev_ema_1000,500,9481,-0.28879957181533783,0.28879957181533783,-0.42930280215228583,-0.02626361171626608,19.012878888249862,0.7568294483704251,22.76147030903913,-26.205748753820444,14.960484720758693,0.7218124341412012,25.959348530419447,-14.665964172813489,0.38672286617492097,-29.62644889357218
z_roll_mean_500,500,9481,-0.2746204079290505,0.2746204079290505,-6.016853579564047,0.045564466580992065,1.2899664789230276,0.7568294483704251,22.76147030903913,-1.696887368036298,18.33140147523709,0.6828240252897787,1.6694761971642313,-12.228661749209694,0.33719704952581664,-30.560063224446786
dev_ema_500,500,9481,-0.2659621300278433,0.2659621300278433,-0.48892472452412566,-0.01927522877928991,15.374211904433551,0.7568294483704251,22.76147030903913,-21.06967678912224,14.845626975763961,0.667017913593256,20.198236798967628,-13.683877766069546,0.36880927291886195,-28.529504741833506
dev_roll_median_500,500,9481,-0.2651122493791104,0.2651122493791104,-0.4301529350970113,-0.3112804556481384,17.41894965471054,0.7568294483704251,22.76147030903913,-24.0,15.895750988142293,0.6531620553359684,22.0,-11.03150826446281,0.35020661157024796,-26.927259252605104
dev_roll_median_1000,500,9481,-0.25415834268393633,0.25415834268393633,-0.3322908059687863,0.26083746440248917,21.617282833034068,0.7568294483704251,22.76147030903913,-30.0,10.553245436105477,0.665314401622718,28.0,-11.942681678607984,0.4124872057318321,-22.49592711471346
dev_roll_median_200,500,9481,-0.2537716077450768,0.2537716077450768,-0.5017684889894218,-0.1418890412403755,14.294030581339214,0.7568294483704251,22.76147030903913,-19.0,10.591549295774648,0.6338028169014085,18.5,-14.918324607329843,0.32774869109947646,-25.50987390310449
z_roll_mean_200,500,9481,-0.2517501245694124,0.2517501245694124,-5.178020429897503,0.009220386204771003,1.3741084000110972,0.7568294483704251,22.76147030903913,-1.8341309792598244,12.44204425711275,0.6775553213909379,1.7858420796060073,-13.330347734457323,0.3540569020021075,-25.772391991570075
dev_roll_mean_1000,500,9481,-0.24843401203160206,0.24843401203160206,-0.3214575385326441,0.01857783581995338,21.842507728407124,0.7568294483704251,22.76147030903913,-31.131999999999607,10.646469968387777,0.667017913593256,27.985000000000582,-12.437302423603793,0.4172813487881981,-23.08377239199157
dev_roll_mean_500,500,9481,-0.2480421712000571,0.2480421712000571,-0.4043527001939151,-0.11864194142651957,17.33725099531414,0.7568294483704251,22.76147030903913,-23.30500000000029,15.790832455216016,0.6543730242360379,22.111000000000786,-10.521601685985248,0.38250790305584825,-26.312434141201265
dev_roll_mean_200,500,9481,-0.2468194155672217,0.2468194155672217,-0.5042421590808123,0.04979168280271439,13.834237459796407,0.7568294483704251,22.76147030903913,-18.707500000000437,10.489989462592202,0.6301369863013698,17.98999999999978,-14.780526315789473,0.3231578947368421,-25.270515778381675
dev_ema_200,500,9481,-0.24626452720840392,0.24626452720840392,-0.6115754466816253,0.029014584019585215,11.380645036595352,0.7568294483704251,22.76147030903913,-15.72003487406073,10.365648050579557,0.6101159114857745,14.545104858823834,-14.261327713382508,0.33719704952581664,-24.626975763962065
z_roll_mean_1000,500,9481,-0.242965719602379,0.242965719602379,-5.31345744708627,0.0862606118264807,1.2923580601617801,0.7568294483704251,22.76147030903913,-1.6266084937780572,14.56427818756586,0.6543730242360379,1.8149961577874352,-7.518967334035827,0.4309799789251844,-22.083245521601686
dev_ema_100,500,9481,-0.20479861594137802,0.20479861594137802,-0.6706543010448108,0.025761849064964,8.63064718123632,0.7568294483704251,22.76147030903913,-11.403882321896162,8.793466807165437,0.6080084299262382,11.063893150829244,-10.908324552160169,0.38250790305584825,-19.701791359325604
z_roll_mean_100,500,9481,-0.19523747744275083,0.19523747744275083,-4.024922602811899,-0.009903277965698476,1.3709471535762705,0.7568294483704251,22.76147030903913,-1.8163503993579353,11.704425711275027,0.6775553213909379,1.7782999353168754,-7.948893572181244,0.422550052687039,-19.65331928345627
dev_roll_mean_100,500,9481,-0.18370797048012838,0.18370797048012838,-0.5090061814317457,0.032309251891132,10.200465769792096,0.7568294483704251,22.76147030903913,-13.024999999999636,7.564210526315789,0.5873684210526315,13.135000000000218,-7.538988408851423,0.4214963119072708,-15.103198935167212
dev_roll_median_100,500,9481,-0.17822268801211472,0.17822268801211472,-0.47536249436303846,-0.06075308511760363,10.596272935754605,0.7568294483704251,22.76147030903913,-13.25,8.138947368421052,0.5947368421052631,13.5,-6.330552659019812,0.44629822732012514,-14.469500027440864
dev_ema_50,500,9491,-0.1553610322134214,0.1553610322134214,-0.70562577512145,0.014120486353245169,6.220366046891872,0.7417553471710041,22.751764829838795,-7.897283643816991,7.81,0.6147368421052631,8.161704617246869,-6.948421052631579,0.43473684210526314,-14.75842105263158
roll_vol_ret1_1000,500,9480,0.1490795733167714,0.1490795733167714,85.34326115887036,2.1868666050169514,0.04937244955134583,0.7577531645569621,22.76302742616034,2.133786152155631,-6.458333333333333,0.45358649789029537,2.251239209288114,7.889767932489452,0.570675105485232,14.348101265822784
past_ret_50,500,9450,-0.14860502998737826,0.14860502998737826,-0.3341841861189131,0.044444444444444446,12.58312117248569,0.802962962962963,22.79248677248677,-16.0,5.1767283349561835,0.5530671859785784,17.0,-4.535527690700104,0.4785788923719958,-9.712256025656288
dev_roll_mean_50,500,9491,-0.1359998059076032,0.1359998059076032,-0.5340187127240483,0.011631064560473714,7.1949883240255925,0.7417553471710041,22.751764829838795,-9.159999999999854,7.652631578947369,0.62,9.510000000000218,-6.461175236096537,0.4438614900314795,-14.113806815043905
dev_roll_median_50,500,9491,-0.1320289171447248,0.1320289171447248,-0.4983783910610908,-0.029554314613844695,7.484419784915434,0.7417553471710041,22.751764829838795,-9.0,7.665300546448087,0.6256830601092896,10.0,-6.568893528183716,0.4405010438413361,-14.234194074631803
z_roll_mean_50,500,9491,-0.12605418368763935,0.12605418368763935,-2.6274396573453616,-0.018650035964826,1.35541658104087,0.7417553471710041,22.751764829838795,-1.7770786349008234,4.58,0.5926315789473684,1.7564121328069275,-5.421578947368421,0.44,-10.001578947368422
dev_ema_20,500,9497,-0.10680084660498126,0.10680084660498126,-0.7694132312192313,0.005559737011409845,3.920751756296391,0.7319153416868485,22.74676213541118,-4.9850986326677225,6.141578947368421,0.5968421052631578,5.018815861449911,-5.411052631578947,0.4473684210526316,-11.552631578947368
past_ret_20,500,9480,-0.10285752217966225,0.10285752217966225,-0.3592267379120077,0.007067510548523207,8.092881314784403,0.7577531645569621,22.76302742616034,-10.0,5.320772058823529,0.6011029411764706,10.5,-6.2581664910432035,0.43730242360379346,-11.578938549866733
dev_roll_median_20,500,9497,-0.09500532014035737,0.09500532014035737,-0.5605184158800495,-0.0045540697062230176,4.787539172980498,0.7319153416868485,22.74676213541118,-6.0,4.793036750483559,0.5705996131528046,6.0,-4.866003787878788,0.4498106060606061,-9.659040538362348
dev_roll_mean_20,500,9497,-0.094248521060362,0.094248521060362,-0.5806797478295866,0.004394793667402294,4.584501985776846,0.7319153416868485,22.74676213541118,-5.825000000000728,4.975966562173459,0.5788923719958202,5.799999999999272,-4.805759162303665,0.44607329842931936,-9.781725724477123
z_roll_mean_20,500,9497,-0.08530914688552181,0.08530914688552181,-1.8994310523803595,-0.0013403368708364298,1.2686048457226022,0.7319153416868485,22.74676213541118,-1.6856604606201633,3.785263157894737,0.5578947368421052,1.6795370050841438,-4.124736842105263,0.4515789473684211,-7.91
dev_ema_10,500,9498,-0.08110341500577889,0.08110341500577889,-0.8459586466870825,0.002996941446590578,2.7079309278539934,0.7294167193093283,22.74678879764161,-3.413157801878879,4.296842105263158,0.56,3.4485170869957096,-4.315789473684211,0.46,-8.612631578947369
past_ret_10,500,9490,-0.0786422991137777,0.0786422991137777,-0.37423990135565605,0.003582718651211802,5.9369946779000236,0.7437829293993677,22.752212855637513,-7.5,3.6795523906408953,0.5452695829094608,8.0,-4.227178423236515,0.4533195020746888,-7.9067308138774095
z_roll_mean_10,500,9498,-0.07606459661693292,0.07606459661693292,-1.839952556763405,0.0009879976700725322,1.1676791256795476,0.7294167193093283,22.74678879764161,-1.552565171258248,4.78421052631579,0.5694736842105264,1.5493635944295991,-2.465263157894737,0.47578947368421054,-7.2494736842105265
roll_vol_ret1_200,500,9480,-0.07180216831872542,0.07180216831872542,-15.226817230463077,2.186832757362901,0.133279757069644,0.7577531645569621,22.76302742616034,2.0025103591966547,13.485759493670885,0.7109704641350211,2.3497995207923084,-8.19620253164557,0.44831223628691985,-21.681962025316455
dev_roll_median_10,500,9498,-0.0708178258544628,0.0708178258544628,-0.5913967658215941,-0.006001263423878711,3.3822929414138327,0.7294167193093283,22.74678879764161,-4.0,4.109983079526227,0.5499153976311336,4.25,-3.3215031315240084,0.47494780793319413,-7.4314862110502355
dev_roll_mean_10,500,9498,-0.07058978393961561,0.07058978393961561,-0.6187744867395479,0.002614794426226175,3.22223365140613,0.7294167193093283,22.74678879764161,-4.049999999999272,3.3347193347193347,0.5311850311850311,4.100000000000364,-4.007223942208462,0.46439628482972134,-7.341943276927797
past_ret_5,500,9495,-0.05948961790042914,0.05948961790042914,-0.3894570244020303,0.0029489204844655083,4.314786348526938,0.736071616640337,22.747551342812006,-5.5,2.6643145161290325,0.5241935483870968,5.5,-2.3516028955532575,0.483971044467425,-5.01591741168229
bid_gap_23,500,151,0.054066746279688924,0.054066746279688924,2.9502126151665493,2.4503311258278146,0.4991825547413064,-3.4304635761589406,21.927152317880793,2.0,-4.759036144578313,0.42168674698795183,3.0,-1.8088235294117647,0.5147058823529411,2.9502126151665484
roll_vol_ret1_500,500,9480,-0.05315327171317424,0.05315327171317424,-19.849202133432257,2.187532985321963,0.07568724809337751,0.7577531645569621,22.76302742616034,2.0830735923529677,-5.791139240506329,0.43354430379746833,2.2754352354951415,-2.8296413502109705,0.5284810126582279,2.9614978902953584
past_ret_3,500,9497,-0.0485404528676145,0.0485404528676145,-0.40084947626980705,0.002316521006633674,3.4203992620281314,0.7319153416868485,22.74676213541118,-4.0,2.604360257326662,0.5411007862759114,4.0,-2.3137323943661974,0.48098591549295777,-4.918092651692859
past_ret_2,500,9498,-0.04146227534075431,0.04146227534075431,-0.4068143671608647,0.0016319225100021057,2.878753135867806,0.7294167193093283,22.74678879764161,-4.0,0.5063976377952756,0.5088582677165354,4.0,-1.993,0.481,-2.499397637795276
mid_change,500,9499,-0.03210450626338611,0.03210450626338611,-0.4142439503110328,0.0008421939151489631,2.1890054639707546,0.7272344457311296,22.74649963154016,-3.0,1.8781749764816558,0.5371589840075258,3.0,-0.781929990539262,0.4938505203405866,-2.660104967020918
past_ret_1,500,9499,-0.03210450626338611,0.03210450626338611,-0.4142439503110328,0.0008421939151489631,2.1890054639707546,0.7272344457311296,22.74649963154016,-3.0,1.8781749764816558,0.5371589840075258,3.0,-0.781929990539262,0.4938505203405866,-2.660104967020918
ask_change,500,9499,-0.029047189926536775,0.029047189926536775,-0.32596762517932215,0.0008421939151489631,2.516904173482421,0.7272344457311296,22.74649963154016,-3.0,1.46343779677113,0.5299145299145299,3.0,-0.3390970220941403,0.49855907780979825,-1.8025348188652703
bid_change,500,9499,-0.028770992450367513,0.028770992450367513,-0.3466551751383853,0.0008421939151489631,2.344197400196827,0.7272344457311296,22.74649963154016,-3.0,1.404326923076923,0.5298076923076923,3.0,-0.6116504854368932,0.49514563106796117,-2.015977408513816
bid_gap_12,500,9500,-0.027329246667154975,0.027329246667154975,-0.9585440097407802,2.5763157894736843,0.8052668408550612,0.7252631578947368,22.746,2.0,1.3301846741668435,0.528337932498408,3.0,0.1301941950302777,0.5124243057005637,-1.1999904791365659
book_wap_edge_L3,500,9500,0.023598046047899713,0.023598046047899713,0.9750857691923815,0.018656860965758824,0.6835297777060843,0.7252631578947368,22.746,-0.35294117647026724,-0.8508858267716536,0.4950787401574803,0.35365853658549895,1.8054136874361593,0.5219611848825332,2.656299514207813
imbalance_L3,500,9500,-0.02216277922225791,0.02216277922225791,-37.10221731557518,-0.0002814371157372657,0.016871300796717083,0.7252631578947368,22.746,0.0,0.7923842122152102,0.5212322173494491,0.0,0.6773795471617127,0.5197982616160532,-0.11500466505349749
book_wap_edge_L2,500,9500,0.021622365400679588,0.021622365400679588,1.3413827834752443,0.012190861954034182,0.455275927222884,0.7252631578947368,22.746,-0.35294117647026724,-0.8508858267716536,0.4950787401574803,0.35365853658549895,1.8054136874361593,0.5219611848825332,2.656299514207813
imbalance_L2,500,9500,0.021186487610928357,0.021186487610928357,9.955195007130952,0.0009652991425451536,0.06010815601165246,0.7252631578947368,22.746,0.0,0.6773795471617127,0.5197982616160532,0.0,0.7923842122152102,0.5212322173494491,0.11500466505349749
bid_size_3,500,9500,-0.019350622530075332,0.019350622530075332,-0.17243689764680037,0.39978947368421053,3.1694868458277403,0.7252631578947368,22.746,0.0,0.7923842122152102,0.5212322173494491,0.0,0.7252631578947368,0.5203157894736842,-0.06712105432047333
roll_vol_ret1_100,500,9480,-0.01893154243628898,0.01893154243628898,-2.8106246190146464,2.1838850270045884,0.1903789473197633,0.7577531645569621,22.76302742616034,1.9348922658009051,-0.8159282700421941,0.4810126582278481,2.4295191149266353,-3.244198312236287,0.4778481012658228,-2.428270042194093
bid_size_1,500,9500,0.017642898804877762,0.017642898804877762,0.2724547930939799,12.385473684210526,1.8289410336592868,0.7252631578947368,22.746,10.0,-0.2792321116928447,0.48632926119837117,15.0,1.725201072386059,0.5462466487935657,2.004433184078904
bid_depth_L1,500,9500,0.017642898804877762,0.017642898804877762,0.2724547930939799,12.385473684210526,1.8289410336592868,0.7252631578947368,22.746,10.0,-0.2792321116928447,0.48632926119837117,15.0,1.725201072386059,0.5462466487935657,2.004433184078904
roll_vol_ret1_50,500,9490,-0.016869359459801767,0.016869359459801767,-1.7772018287943958,2.179267747074534,0.26817753153560947,0.7437829293993677,22.752212855637513,1.8440195669420973,-1.910432033719705,0.4594309799789252,2.5132302979656025,-4.562170706006323,0.4731296101159115,-2.651738672286618
imbalance_L1,500,9500,0.014830956753165227,0.014830956753165227,7.25322151068845,0.0008547134978502805,0.05775138989451299,0.7252631578947368,22.746,0.0,0.6838803088803089,0.5198412698412699,0.0,0.7830339961513791,0.5211674150096216,0.09915368727107021
bid_depth_L2,500,9500,0.014581444598252086,0.014581444598252086,0.09806866365797673,37.19136842105263,4.199470239281654,0.7252631578947368,22.746,32.0,0.2961264016309888,0.509683995922528,42.0,1.2680262199563002,0.5287691187181355,0.9718998183253114
micro_edge_L1,500,9500,0.014415080777875958,0.014415080777875958,1.7861220520181051,0.0009519394923956592,0.22794504763101436,0.7252631578947368,22.746,0.0,0.6838803088803089,0.5198412698412699,0.0,0.7830339961513791,0.5211674150096216,0.09915368727107021
total_depth_L1,500,9500,0.014256048889584316,0.014256048889584316,0.11448308970516821,24.75378947368421,3.5170783841033577,0.7252631578947368,22.746,20.0,-0.2169433314253005,0.48597595878649114,30.0,1.713070115724983,0.5445881552076243,1.9300134471502834
ask_gap_12,500,9500,0.011432767175644799,0.011432767175644799,0.33374189717006836,2.6146315789473684,0.9675308958244225,0.7252631578947368,22.746,2.0,0.6172059138632955,0.5200342832654811,3.0,0.8296089385474861,0.5205876267328782,0.2124030246841906
ask_size_3,500,9500,0.010646278004595828,0.010646278004595828,0.08662197751902011,0.47989473684210526,3.471314174273019,0.7252631578947368,22.746,0.0,0.6773795471617127,0.5197982616160532,0.0,0.7252631578947368,0.5203157894736842,0.04788361073302416
spread,500,9500,-0.009737669732715708,0.009737669732715708,-0.18302373321408397,15.702947368421052,1.5026984701696324,0.7252631578947368,22.746,16.0,0.9878346791330217,0.523374415639609,16.0,0.48776399597720416,0.5169292658397586,-0.5000706831558175
half_spread,500,9500,-0.009737669732715708,0.009737669732715708,-0.36604746642816793,7.851473684210526,0.7513492350848162,0.7252631578947368,22.746,8.0,0.9878346791330217,0.523374415639609,8.0,0.48776399597720416,0.5169292658397586,-0.5000706831558175
ask_size_1,500,9500,0.009655998538217189,0.009655998538217189,0.14734989089581302,12.368315789473684,1.8508515452445444,0.7252631578947368,22.746,10.0,0.17541357672561322,0.4894466628636623,15.0,1.78485254691689,0.5442359249329759,1.6094389701912768
ask_depth_L1,500,9500,0.009655998538217189,0.009655998538217189,0.14734989089581302,12.368315789473684,1.8508515452445444,0.7252631578947368,22.746,10.0,0.17541357672561322,0.4894466628636623,15.0,1.78485254691689,0.5442359249329759,1.6094389701912768
bid_size_2,500,9500,0.008256824186432856,0.008256824186432856,0.0664743269660957,24.805894736842106,3.5081915764599616,0.7252631578947368,22.746,20.0,0.30935613682092555,0.5211267605633803,29.0,0.6884272997032641,0.5091988130563798,0.37907116288233855
ask_depth_L3,500,9500,0.007999982480867687,0.007999982480867687,0.060938655525633885,37.61442105263158,3.7078348392642235,0.7252631578947368,22.746,33.0,0.5076810534016094,0.5113386978785662,42.0,1.4273390842733908,0.53085600530856,0.9196580308717814
ask_size_2,500,9500,-0.007055887425424419,0.007055887425424419,-0.05587494037437036,24.76621052631579,3.5666359569738297,0.7252631578947368,22.746,20.0,1.1732090284592738,0.5328753680078508,29.0,0.7693682955899881,0.5095351609058403,-0.4038407328692857
total_depth_L2,500,9500,0.006936325557522711,0.006936325557522711,0.025192376806817064,74.3258947368421,7.776506480877846,0.7252631578947368,22.746,64.0,0.7908438061041293,0.5152603231597845,84.0,1.349702380952381,0.5290178571428571,0.5588585748482516
ask_size_1_change,500,9499,-0.005583553294446372,0.005583553294446372,-0.060625155588747814,0.0,2.60132625681166,0.7272344457311296,22.74649963154016,-3.0,0.26881720430107525,0.5101553166069295,3.0,0.4391646489104116,0.5205811138014528,0.17034744460933637
total_depth_L3,500,9500,0.004073689187658937,0.004073689187658937,0.01585316742973135,75.20557894736842,7.257650611655411,0.7252631578947368,22.746,66.0,0.5982274741506647,0.5118168389955687,84.0,1.1865319865319865,0.5292929292929293,0.5883045123813219
bid_size_1_change,500,9499,0.0040032121727975505,0.0040032121727975505,0.04378196628149272,0.0,2.582559710000331,0.7272344457311296,22.74649963154016,-3.0,-0.3206129807692308,0.5018028846153846,3.0,0.6329884357881923,0.524041387705417,0.9536014165574231
roll_vol_ret1_10,500,9497,-0.0038563192958679703,0.0038563192958679703,-0.17940976604555295,2.136286180571582,0.6071293194778128,0.7319153416868485,22.74676213541118,1.4298407059684717,1.888772298006296,0.5267576075550892,2.951459149490488,-0.28526315789473683,0.5189473684210526,-2.174035455901033
spread_change,500,9499,-0.002672118683229526,0.002672118683229526,-0.035605492548505015,0.0,2.1197066905565762,0.7272344457311296,22.74649963154016,0.0,0.7707794398830278,0.5210887414239118,0.0,0.7421585160202361,0.5195053400786959,-0.028620923862791692
ask_gap_23,500,181,0.0017522493482653707,0.0017522493482653707,0.10643564356435636,2.4419889502762433,0.4980009146460842,3.1906077348066297,23.99171270718232,2.0,3.1435643564356437,0.5643564356435643,3.0,3.25,0.525,0.10643564356435631
ask_depth_L2,500,9500,-0.001696465518389428,0.001696465518389428,-0.011144248592593537,37.13452631578947,4.299505003476024,0.7252631578947368,22.746,32.0,1.2837972166998013,0.5228628230616302,42.0,1.343956043956044,0.528937728937729,0.060158827256242775
roll_vol_ret1_20,500,9496,-0.0007423246733103867,0.0007423246733103867,-0.04909402657290215,2.165161428511139,0.4271005107259239,0.7340985678180286,22.74705139005897,1.6575187543592558,2.609768907563025,0.5430672268907563,2.7458102054239957,-2.8098739495798317,0.49054621848739494,-5.419642857142857
bid_depth_L3,500,9500,-2.640131363276987e-05,2.640131363276987e-05,-0.00020253722652864242,37.591157894736845,3.6816702725394053,0.7252631578947368,22.746,33.0,0.635932944606414,0.5131195335276968,42.0,0.8507061197041023,0.5238735709482178,0.21477317509768823
dev_global_mean,1000,9000,-0.6916618295689294,0.6916618295689294,-0.9507244258828769,-0.9066555555562017,25.889218229565845,1.8292777777777778,29.161277777777777,-35.962100000000646,36.20940170940171,0.9967948717948718,34.037899999999354,-53.482334047109205,0.014989293361884369,-89.69173575651092
z_global_mean,1000,9000,-0.6916618295689294,0.6916618295689294,-24.080288565282586,-0.03579606532508238,1.0221435707106383,1.8292777777777778,29.161277777777777,-1.4198354302670706,36.20940170940171,0.9967948717948718,1.3438652467983165,-53.482334047109205,0.014989293361884369,-89.69173575651092
dev_ema_1000,1000,8981,-0.3205933101940071,0.3205933101940071,-0.598813347770445,0.4751416818208758,19.036725503253486,1.9289054670972052,29.12721300523327,-25.807839728706313,11.502780867630701,0.6941045606229144,26.375779348281867,-34.20800889877642,0.27697441601779754,-45.71078976640712
dev_roll_median_1000,1000,8981,-0.26495196580506775,0.26495196580506775,-0.43223089932420355,0.917603830308429,21.7961907488892,1.9289054670972052,29.12721300523327,-30.0,7.219631236442516,0.6052060737527115,28.0,-31.733879222108495,0.3029682702149437,-38.95351045855101
dev_roll_mean_1000,1000,8981,-0.24801640170556047,0.24801640170556047,-0.3995033628250438,0.5681092263009636,22.07441623584604,1.9289054670972052,29.12721300523327,-31.250500000000102,6.926028921023359,0.6195773081201335,28.452499999999418,-31.32758620689655,0.3192436040044494,-38.253615127919915
dev_ema_500,1000,8981,-0.24064124540461174,0.24064124540461174,-0.5627736139913284,0.36273013561446454,15.204271070671592,1.9289054670972052,29.12721300523327,-20.154124391483492,6.184649610678532,0.6329254727474972,20.538763881935665,-26.160734149054505,0.3548387096774194,-32.34538375973304
z_roll_mean_1000,1000,8981,-0.22581299236297664,0.22581299236297664,-6.163065636487974,0.12418980679402346,1.30281094138359,1.9289054670972052,29.12721300523327,-1.6130257683956652,8.053392658509456,0.625139043381535,1.8388653282906364,-18.20800889877642,0.43047830923248054,-26.261401557285875
z_roll_mean_200,1000,8981,-0.2251188269965066,0.2251188269965066,-5.843148334514547,0.008916604327127365,1.3699167317821825,1.9289054670972052,29.12721300523327,-1.8370202854907591,11.776418242491657,0.6685205784204672,1.786790268046556,-14.403225806451612,0.4549499443826474,-26.179644048943267
dev_roll_median_500,1000,8981,-0.20978779647261966,0.20978779647261966,-0.436192240999843,0.2544816835541699,17.10139544870892,1.9289054670972052,29.12721300523327,-23.0,7.704217536071032,0.6759156492785794,22.0,-19.830578512396695,0.42458677685950413,-27.534796048467726
z_roll_mean_500,1000,8981,-0.20583631047059855,0.20583631047059855,-5.70972350310762,0.0819951538820584,1.2818469527942138,1.9289054670972052,29.12721300523327,-1.6204203364286383,6.305895439377085,0.6551724137931034,1.69111963034837,-14.387096774193548,0.4838709677419355,-20.692992213570633
dev_roll_mean_500,1000,8981,-0.2051125536367469,0.2051125536367469,-0.4275754738378177,0.39943433396450195,17.057238434379443,1.9289054670972052,29.12721300523327,-21.898999999999432,7.938888888888889,0.6566666666666666,22.486000000000786,-23.934371523915463,0.38153503893214685,-31.873260412804353
dev_ema_200,1000,8981,-0.20204885071216744,0.20204885071216744,-0.6439690307632855,0.19450523109045886,11.156312394262761,1.9289054670972052,29.12721300523327,-15.113881337912972,3.1662958843159066,0.5595105672969967,14.635458086318977,-17.134037819799776,0.4760845383759733,-20.300333704115683
dev_roll_median_200,1000,8981,-0.20015490480241258,0.20015490480241258,-0.5100879259598458,0.05815054002895,13.952449447606883,1.9289054670972052,29.12721300523327,-18.5,5.023939064200218,0.5854189336235038,18.0,-15.291963377416073,0.4821973550356053,-20.31590244161629
dev_roll_mean_200,1000,8981,-0.19944382902446814,0.19944382902446814,-0.5253601220969493,0.222142294249253,13.49872542531016,1.9289054670972052,29.12721300523327,-18.235000000000582,3.9844271412680756,0.578420467185762,17.875,-17.61790878754171,0.46162402669632924,-21.602335928809786
roll_vol_ret1_500,1000,8980,0.1902770447520832,0.1902770447520832,89.04220988525543,2.1840416813907986,0.07598120104027464,1.9338530066815145,29.125723830734966,2.0815623467980062,-20.626807563959954,0.24805339265850945,2.2742773292281755,13.53173719376392,0.688195991091314,34.158544757723874
z_roll_mean_100,1000,8981,-0.1852975759677503,0.1852975759677503,-4.80082087035272,-0.012531870289105422,1.372408820490578,1.9289054670972052,29.12721300523327,-1.8098839881413342,9.625139043381536,0.6384872080088988,1.7782999353168754,-8.205228031145717,0.5027808676307007,-17.830367074527253
roll_vol_ret1_1000,1000,8980,0.17750967581102117,0.17750967581102117,130.97657359662628,2.183374466104585,0.04818857595464139,1.9338530066815145,29.125723830734966,2.1330318386805174,-6.924444444444444,0.5622222222222222,2.2428388765202145,11.834075723830734,0.6703786191536748,18.75852016827518
dev_ema_100,1000,8981,-0.16917359942289115,0.16917359942289115,-0.7071726344671634,0.0900877316248984,8.506216019795874,1.9289054670972052,29.12721300523327,-11.217546966017835,4.149610678531702,0.5528364849833148,11.097405140677438,-12.352057842046719,0.489432703003337,-16.50166852057842
dev_roll_mean_100,1000,8981,-0.1570260939040389,0.1570260939040389,-0.5541596138183263,0.08331355274243481,10.075491012104283,1.9289054670972052,29.12721300523327,-12.844999999999345,3.5300333704115685,0.542825361512792,13.094999999999345,-9.792547274749722,0.5061179087875417,-13.322580645161292
dev_roll_median_100,1000,8981,-0.15656364011798887,0.15656364011798887,-0.5336739162306161,-0.01650707048212894,10.4314383980342,1.9289054670972052,29.12721300523327,-13.0,4.412935323383085,0.5492537313432836,13.25,-8.733407079646017,0.5143805309734514,-13.146342403029102
past_ret_50,1000,8950,-0.13165503519526486,0.13165503519526486,-0.3745742541483563,0.08212290502793296,12.480312531296935,2.0933519553072624,29.070335195530728,-16.0,3.6053740779768177,0.5521601685985248,17.0,-3.4711751662971175,0.5609756097560976,-7.076549244273935
dev_ema_50,1000,8991,-0.12802320603603556,0.12802320603603556,-0.7381714327997805,0.03551467283405341,6.169108303575209,1.877877877877878,29.143699254810365,-7.8379436771883775,6.245,0.5766666666666667,8.167582533360473,-6.733333333333333,0.5222222222222223,-12.978333333333333
z_roll_mean_50,1000,8991,-0.1211366904152691,0.1211366904152691,-3.174147491226355,-0.025866807423842026,1.3574990393949573,1.877877877877878,29.143699254810365,-1.7778618782989326,4.676666666666667,0.5622222222222222,1.7559066188006571,-6.118333333333333,0.48777777777777775,-10.795
ask_gap_23,1000,167,0.1125102630993151,0.1125102630993151,7.782862139317983,2.437125748502994,0.4975229022958886,2.2425149700598803,28.17065868263473,2.0,-1.1595744680851063,0.5425531914893617,3.0,6.623287671232877,0.6301369863013698,7.782862139317983
dev_roll_mean_50,1000,8991,-0.1113999688197028,0.1113999688197028,-0.5543330630027765,0.0289990472409573,7.148340255499605,1.877877877877878,29.143699254810365,-9.100000000000364,6.21483942414175,0.5736434108527132,9.530000000000655,-4.544444444444444,0.5322222222222223,-10.759283868586195
dev_roll_median_50,1000,8991,-0.109747385604744,0.109747385604744,-0.5254311156090039,-0.011733956178400623,7.42966659581612,1.877877877877878,29.143699254810365,-9.0,7.207364341085271,0.5852713178294574,10.0,-4.861690450054884,0.5203073545554336,-12.069054791140156
bid_gap_23,1000,140,0.09440261219701891,0.09440261219701891,6.664764473957254,2.4357142857142855,0.49763056253898574,2.517857142857143,29.260714285714286,2.0,-0.3860759493670886,0.569620253164557,3.0,6.278688524590164,0.6721311475409836,6.664764473957253
dev_ema_20,1000,8997,-0.08344140948527795,0.08344140948527795,-0.7607435507685938,0.010447472571221401,3.902750898298882,1.8448371679448705,29.156052017339114,-4.956015049172128,6.104444444444445,0.5888888888888889,5.017952626995975,-4.805,0.5144444444444445,-10.909444444444444
past_ret_20,1000,8980,-0.08046200819449525,0.08046200819449525,-0.3543393554825541,0.02032293986636971,8.073970592018464,1.9338530066815145,29.125723830734966,-10.0,5.9296259842519685,0.5787401574803149,10.5,-5.195604395604396,0.4989010989010989,-11.125230379856365
dev_roll_mean_20,1000,8997,-0.07183752930429063,0.07183752930429063,-0.5596025819271432,0.0077150556251341105,4.567716675365154,1.8448371679448705,29.156052017339114,-5.799999999999272,5.76353591160221,0.5767955801104973,5.799999999999272,-4.896341463414634,0.5099778270509978,-10.659877375016844
dev_roll_median_20,1000,8997,-0.06927388100350006,0.06927388100350006,-0.5160731339208947,-0.003195509614315883,4.776235678836743,1.8448371679448705,29.156052017339114,-6.0,5.858695652173913,0.5848861283643892,6.0,-4.362725450901803,0.5090180360721442,-10.221421103075716
z_roll_mean_20,1000,8997,-0.06123441164126564,0.06123441164126564,-1.7164712512512252,-0.0047923412657614635,1.2693649302500984,1.8448371679448705,29.156052017339114,-1.6899591945695958,4.607777777777778,0.5888888888888889,1.683133744148182,-2.151111111111111,0.53,-6.7588888888888885
dev_ema_10,1000,8998,-0.061058164081611604,0.061058164081611604,-0.8056959687566951,0.004320599229279662,2.696630059905016,1.839408757501667,29.158035118915315,-3.3962381246561564,4.394444444444445,0.58,3.448517086995708,-2.5283333333333333,0.5311111111111111,-6.922777777777778
past_ret_10,1000,8990,-0.06013714103568871,0.06013714103568871,-0.3621858768902637,0.006229143492769744,5.905748684410264,1.8836484983314794,29.141379310344828,-7.5,4.869565217391305,0.575,8.0,-3.408489525909592,0.5226019845644984,-8.278054743300897
z_roll_mean_10,1000,8998,-0.054275321111439956,0.054275321111439956,-1.6554541675239574,0.001375169982102379,1.1666324723071582,1.839408757501667,29.158035118915315,-1.5508856901442225,5.297777777777778,0.6011111111111112,1.5481768552374606,-1.14,0.5488888888888889,-6.437777777777778
dev_roll_mean_10,1000,8998,-0.052553761443927705,0.052553761443927705,-0.5834124643214393,0.003699190649066321,3.2053608073131117,1.839408757501667,29.158035118915315,-4.049999999999272,3.973421926910299,0.5780730897009967,4.100000000000364,-2.5783991228070176,0.5372807017543859,-6.551821049717317
dev_roll_median_10,1000,8998,-0.05047502964370715,0.05047502964370715,-0.533914438205827,-0.0021115803511891533,3.3639825771829193,1.839408757501667,29.158035118915315,-4.0,4.695691202872531,0.5915619389587073,4.25,-1.2217920353982301,0.547566371681416,-5.917483238270761
roll_vol_ret1_200,1000,8980,0.046412446797616025,0.046412446797616025,12.204104378888387,2.182898473836299,0.1352210293151263,1.9338530066815145,29.125723830734966,1.9982341450621952,-5.765850945494995,0.5150166852057843,2.3511143514230293,-3.2775305895439377,0.5672969966629589,2.488320355951057
past_ret_5,1000,8995,-0.043777411378592285,0.043777411378592285,-0.3626507116479344,0.004113396331295164,4.294887453625293,1.8553640911617566,29.152418010005558,-5.5,4.480810234541578,0.5863539445628998,5.5,-0.48233995584988965,0.565121412803532,-4.963150190391468
past_ret_3,1000,8997,-0.033941519583444164,0.033941519583444164,-0.35404372939631346,0.002222963209958875,3.411158153611168,1.8448371679448705,29.156052017339114,-4.0,3.8963691376701965,0.5900151285930408,4.0,-1.6059131736526946,0.5456586826347305,-5.502282311322891
past_ret_2,1000,8998,-0.029353226282364853,0.029353226282364853,-0.36345847176278023,0.001555901311402534,2.8737558396878478,1.839408757501667,29.158035118915315,-4.0,0.9698544698544699,0.5675675675675675,4.0,0.13252375923970433,0.5786694825765576,-0.8373307106147656
mid_change,1000,8999,-0.023363143566549983,0.023363143566549983,-0.38044306542450124,0.000666740748972108,2.1852675093739937,1.8344260473385932,29.159573285920658,-3.0,2.6245039682539684,0.5853174603174603,3.0,0.004513540621865597,0.5737211634904714,-2.6199904276321027
past_ret_1,1000,8999,-0.023363143566549983,0.023363143566549983,-0.38044306542450124,0.000666740748972108,2.1852675093739937,1.8344260473385932,29.159573285920658,-3.0,2.6245039682539684,0.5853174603174603,3.0,0.004513540621865597,0.5737211634904714,-2.6199904276321027
bid_gap_12,1000,9000,-0.022162873141454553,0.022162873141454553,-0.9832770201188239,2.574777777777778,0.802102648197834,1.8292777777777778,29.161277777777777,2.0,3.136251679355128,0.5915808329601433,3.0,0.5419056021173357,0.5670489633877371,-2.594346077237792
ask_change,1000,8999,-0.021760402345028698,0.021760402345028698,-0.30883406625459764,0.000666740748972108,2.5072909022132537,1.8344260473385932,29.159573285920658,-3.0,1.5806613226452906,0.5711422845691383,3.0,0.1875,0.5737704918032787,-1.3931613226452906
bid_change,1000,8999,-0.02033971710322533,0.02033971710322533,-0.30960240350641083,0.000666740748972108,2.337779726047073,1.8344260473385932,29.159573285920658,-3.0,2.46497461928934,0.5868020304568528,3.0,0.3298862461220269,0.5749741468459152,-2.135088373167313
spread,1000,9000,-0.018424396879785265,0.018424396879785265,-0.44071220090195234,15.70888888888889,1.4877089831500212,1.8292777777777778,29.161277777777777,16.0,2.25440269209198,0.5833987661245092,16.0,1.359375,0.5732311320754717,-0.89502769209198
half_spread,1000,9000,-0.018424396879785265,0.018424396879785265,-0.8814244018039047,7.854444444444445,0.7438544915750106,1.8292777777777778,29.161277777777777,8.0,2.25440269209198,0.5833987661245092,8.0,1.359375,0.5732311320754717,-0.89502769209198
book_wap_edge_L2,1000,9000,0.01747950138776643,0.01747950138776643,1.3758878442706806,0.012056504075905548,0.4520909208251735,1.8292777777777778,29.161277777777777,-0.35294117647026724,1.199896157840083,0.5752855659397715,0.35365853658549895,2.9734848484848486,0.5887445887445888,1.7735886906447655
roll_vol_ret1_100,1000,8980,0.013340426697946415,0.013340426697946415,2.478324046858101,2.1806203162902666,0.19139355823030008,1.9338530066815145,29.125723830734966,1.926843863089908,-3.7366369710467704,0.512249443207127,2.427525239190083,-3.9420935412026727,0.623608017817372,-0.20545657015590235
total_depth_L1,1000,9000,0.012418166791886887,0.012418166791886887,0.12601125328981297,24.743777777777776,3.50693677922183,1.8292777777777778,29.161277777777777,20.0,0.9403391883706844,0.562083585705633,30.0,3.0335982658959537,0.5960982658959537,2.0932590775252695
ask_size_1,1000,9000,0.012157514647522995,0.012157514647522995,0.23446710014647248,12.363111111111111,1.845196696523097,1.8292777777777778,29.161277777777777,10.0,1.2031344183242918,0.5641952983725136,15.0,3.100711743772242,0.59644128113879,1.8975773254479502
ask_depth_L1,1000,9000,0.012157514647522995,0.012157514647522995,0.23446710014647248,12.363111111111111,1.845196696523097,1.8292777777777778,29.161277777777777,10.0,1.2031344183242918,0.5641952983725136,15.0,3.100711743772242,0.59644128113879,1.8975773254479502
bid_size_1,1000,9000,0.01159412727404358,0.01159412727404358,0.2265319403916508,12.380666666666666,1.8213289787420124,1.8292777777777778,29.161277777777777,10.0,1.2458512599877074,0.5679164105716041,15.0,3.0213371266002844,0.5953058321479374,1.775485866612577
bid_depth_L1,1000,9000,0.01159412727404358,0.01159412727404358,0.2265319403916508,12.380666666666666,1.8213289787420124,1.8292777777777778,29.161277777777777,10.0,1.2458512599877074,0.5679164105716041,15.0,3.0213371266002844,0.5953058321479374,1.775485866612577
book_wap_edge_L3,1000,9000,0.011544238790650765,0.011544238790650765,0.6077645946873778,0.018117218207998626,0.6759423915033569,1.8292777777777778,29.161277777777777,-0.35294117647026724,1.199896157840083,0.5752855659397715,0.35365853658549895,2.9734848484848486,0.5887445887445888,1.7735886906447655
roll_vol_ret1_20,1000,8996,0.01079507926815043,0.01079507926815043,0.8968501945603902,2.1614559970987894,0.42826807537182604,1.8500444642063139,29.154290795909294,1.6551355485912735,4.985,0.6566666666666666,2.745810205423993,-0.08277777777777778,0.6188888888888889,-5.067777777777778
ask_depth_L3,1000,9000,0.008568992533167518,0.008568992533167518,0.08223085009547457,37.599111111111114,3.7082991664582843,1.8292777777777778,29.161277777777777,33.0,2.249231950844854,0.5783410138248848,42.0,3.039872971065632,0.5871559633027523,0.7906410202207779
total_depth_L3,1000,9000,0.008546160858551739,0.008546160858551739,0.041867133338344666,75.17688888888888,7.264029789293334,1.8292777777777778,29.161277777777777,66.0,2.290923196276183,0.5787432117920869,84.0,2.862303290414878,0.5858369098712446,0.5713800941386951
bid_depth_L3,1000,9000,0.00822035619996346,0.00822035619996346,0.0793547372992696,37.577777777777776,3.6863584077554847,1.8292777777777778,29.161277777777777,33.0,2.2522935779816513,0.577217125382263,42.0,2.672857142857143,0.585,0.42056356487549174
ask_depth_L2,1000,9000,0.007335908193427962,0.007335908193427962,0.0610555736850869,37.132888888888886,4.275711072689365,1.8292777777777778,29.161277777777777,32.0,2.1842931937172776,0.5863874345549738,42.0,3.0664335664335662,0.5866355866355867,0.8821403727162886
total_depth_L2,1000,9000,0.007213962913585937,0.007213962913585937,0.033121967227074875,74.31855555555556,7.7506399279996065,1.8292777777777778,29.161277777777777,64.0,1.9909781576448242,0.5878442545109211,84.0,2.8558451816745656,0.5837282780410743,0.8648670240297414
ask_gap_12,1000,9000,0.006740846242467117,0.006740846242467117,0.2501557424418608,2.612111111111111,0.9589229735117771,1.8292777777777778,29.161277777777777,2.0,1.3752262443438914,0.5739819004524886,3.0,2.267467248908297,0.5842794759825327,0.8922410045644056
bid_depth_L2,1000,9000,0.005874586689678078,0.005874586689678078,0.050031437025663435,37.18566666666667,4.178439506119563,1.8292777777777778,29.161277777777777,32.0,2.0364415862808145,0.5894962486602358,42.0,2.7927300850734724,0.5831399845320959,0.7562884987926579
roll_vol_ret1_10,1000,8997,0.004550255090751416,0.004550255090751416,0.26623342202271066,2.132778358261244,0.6081359113827722,1.8448371679448705,29.156052017339114,1.4298407059684697,3.94,0.6266666666666667,2.9458068127047596,1.5526024363233666,0.6157253599114064,-2.3873975636766334
ask_size_1_change,1000,8999,-0.004415469475648725,0.004415469475648725,-0.06042423284513202,-0.00022224691632403602,2.6003316669879473,1.8344260473385932,29.159573285920658,-3.0,0.8952171176840781,0.5714285714285714,3.0,1.655315085932527,0.5773392743475493,0.7600979682484489
spread_change,1000,8999,-0.0033411206252034,0.0033411206252034,-0.05666784487982227,0.0,2.098062697245648,1.8344260473385932,29.159573285920658,0.0,1.8484506707823816,0.5781787961533895,0.0,1.8185809207403891,0.5779544375889891,-0.029869750041992438
bid_size_1_change,1000,8999,0.003326172765610683,0.003326172765610683,0.045960868594764885,-0.00022224691632403602,2.5752510857479822,1.8344260473385932,29.159573285920658,-3.0,0.767743979721166,0.5741444866920152,3.0,2.4019859064702116,0.5836002562459962,1.6342419267490456
ask_size_2,1000,9000,0.0025155668767313337,0.0025155668767313337,0.02520830128144924,24.76977777777778,3.5511749291831913,1.8292777777777778,29.161277777777777,20.0,2.3004158004158004,0.5893970893970893,29.0,2.55188679245283,0.5742138364779874,0.2514709920370297
imbalance_L1,1000,9000,-0.002124287557762383,0.002124287557762383,-1.332065149533512,0.0008980420893441937,0.05675022900517426,1.8292777777777778,29.161277777777777,0.0,1.8266576148449876,0.579316587463227,0.0,1.8200225606316978,0.5786802030456852,-0.006635054213289804
micro_edge_L1,1000,9000,-0.0021175889640091066,0.0021175889640091066,-0.33769774321104695,0.0012419050192151594,0.22314814745307393,1.8292777777777778,29.161277777777777,0.0,1.8266576148449876,0.579316587463227,0.0,1.8200225606316978,0.5786802030456852,-0.006635054213289804
imbalance_L2,1000,9000,-0.0020666040749195403,0.0020666040749195403,-1.2470509744626617,0.000908453854126219,0.058972950194718605,1.8292777777777778,29.161277777777777,0.0,1.8214649609419222,0.5791916676100985,0.0,1.8183972911963882,0.5786681715575621,-0.003067669745534074
bid_size_3,1000,9000,0.001832016909716855,0.001832016909716855,0.02074792343390533,0.39211111111111113,3.142205760041244,1.8292777777777778,29.161277777777777,0.0,1.8183972911963882,0.5786681715575621,0.0,1.8292777777777778,0.5792222222222222,0.010880486581389626
bid_size_2,1000,9000,0.0009804519071539136,0.0009804519071539136,0.009973619519512528,24.805,3.498269618132198,1.8292777777777778,29.161277777777777,20.0,2.5882978723404255,0.5968085106382979,29.0,2.343769567939887,0.5723231058234189,-0.2445283044005384
imbalance_L3,1000,9000,-0.0009087929076280728,0.0009087929076280728,-1.9261835054493168,-0.0002608097586508503,0.01678985898732061,1.8292777777777778,29.161277777777777,0.0,1.8183972911963882,0.5786681715575621,0.0,1.8214649609419222,0.5791916676100985,0.003067669745534074
roll_vol_ret1_50,1000,8990,0.0008450949432732515,0.0008450949432732515,0.11166823718687598,2.176222106823866,0.2691779853892495,1.8836484983314794,29.141379310344828,1.8433554143662856,-2.169076751946607,0.5728587319243604,2.514366881806735,-1.4544444444444444,0.6588888888888889,0.7146323075021628
ask_size_3,1000,9000,0.00011996186185508528,0.00011996186185508528,0.0012485578184146375,0.4662222222222222,3.4191198012186748,1.8292777777777778,29.161277777777777,0.0,1.8214649609419222,0.5791916676100985,0.0,1.8292777777777778,0.5792222222222222,0.007812816835855552
